   2.1705719e-04
   5.9965269e-02
   1.2632808e-01
   2.0397487e-01
   2.9385960e-01
   3.9181010e-01
   4.8841880e-01
   5.7103510e-01
   6.2767330e-01
   6.5152281e-01
   6.4410837e-01
   6.1543455e-01
   5.8062719e-01
   5.5414058e-01
   5.4378543e-01
   5.4703341e-01
   5.5115076e-01
   5.3717331e-01
   4.8629909e-01
   3.8650454e-01
   2.3723226e-01
   5.0680141e-02
  -1.5073176e-01
  -3.3999048e-01
  -4.9251631e-01
  -5.9240316e-01
  -6.3592033e-01
  -6.3124599e-01
  -5.9471321e-01
  -5.4506132e-01
  -4.9781020e-01
  -4.6164957e-01
  -4.3778583e-01
  -4.2198120e-01
  -4.0809086e-01
  -3.9156563e-01
  -3.7162898e-01
  -3.5143971e-01
  -3.3626992e-01
  -3.3037430e-01
  -3.3365824e-01
  -3.3936073e-01
  -3.3373017e-01
  -2.9817029e-01
  -2.1367433e-01
  -6.6636802e-02
   1.4551253e-01
   4.1068786e-01
   7.0203801e-01
   9.8188218e-01
   1.2089255e+00
   1.3468361e+00
   1.3717304e+00
   1.2764519e+00
   1.0706631e+00
   7.7727148e-01
   4.2694176e-01
   5.2839288e-02
  -3.1286741e-01
  -6.4047916e-01
  -9.0317413e-01
  -1.0778592e+00
  -1.1475600e+00
  -1.1052790e+00
  -9.5793832e-01
  -7.2827415e-01
  -4.5282213e-01
  -1.7539682e-01
   6.2750390e-02
   2.3332318e-01
   3.2841354e-01
   3.6199803e-01
   3.6431057e-01
   3.7043052e-01
   4.0673430e-01
   4.7996840e-01
   5.7306220e-01
   6.4957011e-01
   6.6560975e-01
   5.8544521e-01
   3.9543837e-01
   1.1148615e-01
  -2.2283658e-01
  -5.4711762e-01
  -8.0058714e-01
  -9.3894290e-01
  -9.4606502e-01
  -8.3690722e-01
  -6.5091655e-01
  -4.3859048e-01
  -2.4600218e-01
  -1.0250202e-01
  -1.5273435e-02
   2.8311985e-02
   5.2382825e-02
   8.1913266e-02
   1.3357009e-01
   2.1077000e-01
   3.0381979e-01
   3.9425832e-01
   4.6141682e-01
   4.8896060e-01
   4.6961313e-01
   4.0705182e-01
   3.1478974e-01
   2.1255684e-01
   1.2120341e-01
   5.7417297e-02
   2.9520237e-02
   3.5292606e-02
   6.2284659e-02
   9.0582131e-02
   9.7600120e-02
   6.4143789e-02
  -1.9373081e-02
  -1.4799931e-01
  -3.0023284e-01
  -4.4031882e-01
  -5.2539969e-01
  -5.1658406e-01
  -3.9130463e-01
  -1.5313791e-01
   1.6469952e-01
   5.0436390e-01
   7.9632988e-01
   9.7677399e-01
   1.0040048e+00
   8.6852682e-01
   5.9336564e-01
   2.2476125e-01
  -1.8304768e-01
  -5.8300167e-01
  -9.4460529e-01
  -1.2543656e+00
  -1.5080648e+00
  -1.6992461e+00
  -1.8100021e+00
  -1.8091765e+00
  -1.6597987e+00
  -1.3334062e+00
  -8.2575636e-01
  -1.6762135e-01
   5.7395076e-01
   1.3052662e+00
   1.9243242e+00
   2.3429190e+00
   2.5063080e+00
   2.4048870e+00
   2.0747031e+00
   1.5869900e+00
   1.0300803e+00
   4.8906034e-01
   2.8821780e-02
  -3.1529153e-01
  -5.3776427e-01
  -6.5566148e-01
  -6.9758907e-01
  -6.9317566e-01
  -6.6627160e-01
  -6.3291362e-01
  -6.0295463e-01
  -5.8298619e-01
  -5.7816214e-01
  -5.9158978e-01
  -6.2154281e-01
  -6.5818783e-01
  -6.8218653e-01
  -6.6708332e-01
  -5.8591032e-01
  -4.2051288e-01
  -1.7054440e-01
   1.4139067e-01
   4.7106134e-01
   7.6101578e-01
   9.5428422e-01
   1.0096020e+00
   9.1345439e-01
   6.8483476e-01
   3.7073633e-01
   3.3502015e-02
  -2.6588160e-01
  -4.8287701e-01
  -5.9781831e-01
  -6.1531789e-01
  -5.5601954e-01
  -4.4509578e-01
  -3.0283811e-01
  -1.4113423e-01
   3.3654531e-02
   2.1430437e-01
   3.8753457e-01
   5.3394359e-01
   6.3391927e-01
   6.7648952e-01
   6.6560165e-01
   6.1895459e-01
   5.5834293e-01
   4.9557088e-01
   4.2140852e-01
   3.0464249e-01
   1.0394436e-01
  -2.1096813e-01
  -6.3756479e-01
  -1.1283201e+00
  -1.5951994e+00
  -1.9313611e+00
  -2.0433841e+00
  -1.8824998e+00
  -1.4630210e+00
  -8.6074988e-01
  -1.9173263e-01
   4.2098178e-01
   8.8106243e-01
   1.1424309e+00
   1.2164919e+00
   1.1627759e+00
   1.0674411e+00
   1.0164503e+00
   1.0703211e+00
   1.2460851e+00
   1.5103470e+00
   1.7853630e+00
   1.9676085e+00
   1.9553282e+00
   1.6786615e+00
   1.1241275e+00
   3.4555325e-01
  -5.4346900e-01
  -1.3951560e+00
  -2.0645481e+00
  -2.4468607e+00
  -2.5033182e+00
  -2.2673263e+00
  -1.8297326e+00
  -1.3092051e+00
  -8.1843807e-01
  -4.3720620e-01
  -1.9955223e-01
  -9.6565959e-02
  -9.0787022e-02
  -1.3510631e-01
  -1.8887268e-01
  -2.2635402e-01
  -2.3655158e-01
  -2.1700883e-01
  -1.6625198e-01
  -7.9201004e-02
   5.2276838e-02
   2.3431340e-01
   4.6425424e-01
   7.2552028e-01
   9.8661537e-01
   1.2051659e+00
   1.3363513e+00
   1.3438929e+00
   1.2108561e+00
   9.4710731e-01
   5.9072762e-01
   2.0209884e-01
  -1.4857290e-01
  -3.9739325e-01
  -5.0222745e-01
  -4.5305313e-01
  -2.7424361e-01
  -1.8199619e-02
   2.4767585e-01
   4.5676014e-01
   5.5737782e-01
   5.2208784e-01
   3.5086574e-01
   6.8927919e-02
  -2.7894497e-01
  -6.3576537e-01
  -9.4037619e-01
  -1.1359906e+00
  -1.1792503e+00
  -1.0492246e+00
  -7.5469837e-01
  -3.3721398e-01
   1.3260265e-01
   5.6648674e-01
   8.7635592e-01
   9.9453993e-01
   8.9089491e-01
   5.8157345e-01
   1.2645580e-01
  -3.8434095e-01
  -8.5113551e-01
  -1.1867555e+00
  -1.3341309e+00
  -1.2753037e+00
  -1.0306597e+00
  -6.5009062e-01
  -1.9965099e-01
   2.5238082e-01
   6.4702923e-01
   9.4214522e-01
   1.1155839e+00
   1.1645276e+00
   1.1019914e+00
   9.5183225e-01
   7.4343312e-01
   5.0676366e-01
   2.6820818e-01
   4.7593917e-02
  -1.4309626e-01
  -2.9909694e-01
  -4.2058864e-01
  -5.0955839e-01
  -5.6687203e-01
  -5.9062400e-01
  -5.7646555e-01
  -5.1990193e-01
  -4.1967660e-01
  -2.8075149e-01
  -1.1543833e-01
   5.8032638e-02
   2.1915250e-01
   3.4973419e-01
   4.3788505e-01
   4.8005762e-01
   4.8063449e-01
   4.4938582e-01
   3.9781084e-01
   3.3561835e-01
   2.6841504e-01
   1.9720295e-01
   1.1970436e-01
   3.2957839e-02
  -6.3797627e-02
  -1.6704724e-01
  -2.6855204e-01
  -3.5677945e-01
  -4.1983799e-01
  -4.4903967e-01
  -4.4193011e-01
  -4.0364710e-01
  -3.4588224e-01
  -2.8350161e-01
  -2.2979524e-01
  -1.9198772e-01
  -1.6869339e-01
  -1.5031342e-01
  -1.2221622e-01
  -6.9519917e-02
   1.8059727e-02
   1.4250243e-01
   2.9558200e-01
   4.5910851e-01
   6.0750477e-01
   7.1260990e-01
   7.4997765e-01
   7.0517975e-01
   5.7817619e-01
   3.8408050e-01
   1.4971932e-01
  -9.3092216e-02
  -3.1533268e-01
  -4.9692296e-01
  -6.2916827e-01
  -7.1288538e-01
  -7.5333547e-01
  -7.5438178e-01
  -7.1461985e-01
  -6.2741059e-01
  -4.8506254e-01
  -2.8551648e-01
  -3.8571358e-02
   2.3143574e-01
   4.8835342e-01
   6.9203565e-01
   8.0878236e-01
   8.2076152e-01
   7.3110316e-01
   5.6294701e-01
   3.5286750e-01
   1.4097270e-01
  -3.9082716e-02
  -1.6718859e-01
  -2.3921657e-01
  -2.6465573e-01
  -2.6072189e-01
  -2.4510009e-01
  -2.2968330e-01
  -2.1719741e-01
  -2.0159333e-01
  -1.7182079e-01
  -1.1745949e-01
  -3.4063899e-02
   7.3775285e-02
   1.9277766e-01
   3.0457252e-01
   3.9118646e-01
   4.4036022e-01
   4.4871718e-01
   4.2164375e-01
   3.7002715e-01
   3.0521876e-01
   2.3424178e-01
   1.5708007e-01
   6.6993610e-02
  -4.6369310e-02
  -1.9225306e-01
  -3.7407463e-01
  -5.8613820e-01
  -8.1265542e-01
  -1.0292640e+00
  -1.2066837e+00
  -1.3158147e+00
  -1.3333929e+00
  -1.2471012e+00
  -1.0588321e+00
  -7.8487903e-01
  -4.5252505e-01
  -9.3738461e-02
   2.6206728e-01
   5.9369212e-01
   8.9022253e-01
   1.1489284e+00
   1.3700971e+00
   1.5512012e+00
   1.6831111e+00
   1.7502303e+00
   1.7347089e+00
   1.6230475e+00
   1.4123293e+00
   1.1135371e+00
   7.5074139e-01
   3.5661861e-01
  -3.3988834e-02
  -3.9036366e-01
  -6.9035056e-01
  -9.2210423e-01
  -1.0832784e+00
  -1.1785505e+00
  -1.2167235e+00
  -1.2084447e+00
  -1.1649070e+00
  -1.0971488e+00
  -1.0152366e+00
  -9.2693119e-01
  -8.3616471e-01
  -7.4220268e-01
  -6.4030494e-01
  -5.2400593e-01
  -3.8823990e-01
  -2.3197033e-01
  -5.9109296e-02
   1.2265936e-01
   3.0441374e-01
   4.7837104e-01
   6.3864444e-01
   7.7978454e-01
   8.9377217e-01
   9.6720721e-01
   9.8083207e-01
   9.1296329e-01
   7.4694654e-01
   4.8084145e-01
   1.3591350e-01
  -2.4007396e-01
  -5.7781266e-01
  -8.0021460e-01
  -8.4225809e-01
  -6.7131275e-01
  -3.0121727e-01
   2.0527641e-01
   7.4758964e-01
   1.2094836e+00
   1.4863424e+00
   1.5102092e+00
   1.2662078e+00
   7.9666733e-01
   1.9250564e-01
  -4.2583141e-01
  -9.3379030e-01
  -1.2294929e+00
  -1.2565015e+00
  -1.0172996e+00
  -5.7333815e-01
  -3.0274678e-02
   4.8868072e-01
   8.7409884e-01
   1.0569236e+00
   1.0220772e+00
   8.0516508e-01
   4.7431240e-01
   1.0439776e-01
  -2.4673822e-01
  -5.5209242e-01
  -8.1585511e-01
  -1.0622345e+00
  -1.3184753e+00
  -1.5987753e+00
  -1.8942089e+00
  -2.1708817e+00
  -2.3757311e+00
  -2.4475211e+00
  -2.3300377e+00
  -1.9851692e+00
  -1.4046504e+00
  -6.1942990e-01
   2.9581515e-01
   1.2272682e+00
   2.0394665e+00
   2.6053752e+00
   2.8423550e+00
   2.7421702e+00
   2.3823944e+00
   1.9112883e+00
   1.5071772e+00
   1.3233378e+00
   1.4363551e+00
   1.8164552e+00
   2.3315731e+00
   2.7852577e+00
   2.9766204e+00
   2.7629414e+00
   2.1046814e+00
   1.0782963e+00
  -1.4742879e-01
  -1.3636325e+00
  -2.3840509e+00
  -3.0957980e+00
  -3.4805497e+00
  -3.6004644e+00
  -3.5574159e+00
  -3.4441402e+00
  -3.3074760e+00
  -3.1368841e+00
  -2.8796507e+00
  -2.4732548e+00
  -1.8798909e+00
  -1.1095139e+00
  -2.2420967e-01
   6.7533076e-01
   1.4743975e+00
   2.0708985e+00
   2.3965939e+00
   2.4289703e+00
   2.1931341e+00
   1.7551163e+00
   1.2087071e+00
   6.5806430e-01
   1.9860165e-01
  -1.0062143e-01
  -2.0910485e-01
  -1.3819273e-01
   6.5933530e-02
   3.3754008e-01
   6.0987079e-01
   8.3087313e-01
   9.7158498e-01
   1.0258457e+00
   1.0033287e+00
   9.2002044e-01
   7.9053482e-01
   6.2511380e-01
   4.3153750e-01
   2.1965313e-01
   5.0330737e-03
  -1.9106693e-01
  -3.4620681e-01
  -4.4410740e-01
  -4.8171683e-01
  -4.7285443e-01
  -4.4662530e-01
  -4.4071637e-01
  -4.9131044e-01
  -6.2223227e-01
  -8.3608190e-01
  -1.1097270e+00
  -1.3957836e+00
  -1.6306366e+00
  -1.7480892e+00
  -1.6960048e+00
  -1.4518466e+00
  -1.0324950e+00
  -4.9460076e-01
   7.6000530e-02
   5.8410217e-01
   9.4927784e-01
   1.1274705e+00
   1.1232239e+00
   9.8816812e-01
   8.0538437e-01
   6.6366370e-01
   6.2917676e-01
   7.2357418e-01
   9.1628863e-01
   1.1346726e+00
   1.2894585e+00
   1.3069186e+00
   1.1557743e+00
   8.5840220e-01
   4.8204350e-01
   1.1381003e-01
  -1.7045749e-01
  -3.3164782e-01
  -3.7830722e-01
  -3.6013937e-01
  -3.4747624e-01
  -4.0458811e-01
  -5.6621123e-01
  -8.2509329e-01
  -1.1343133e+00
  -1.4229026e+00
  -1.6186989e+00
  -1.6702030e+00
  -1.5603074e+00
  -1.3084240e+00
  -9.6192187e-01
  -5.8106159e-01
  -2.2277429e-01
   7.2174338e-02
   2.8599393e-01
   4.2402753e-01
   5.0927226e-01
   5.7343293e-01
   6.4719798e-01
   7.5209068e-01
   8.9521893e-01
   1.0672148e+00
   1.2432965e+00
   1.3876516e+00
   1.4613925e+00
   1.4333805e+00
   1.2914409e+00
   1.0501187e+00
   7.5139257e-01
   4.5682759e-01
   2.3252156e-01
   1.3057860e-01
   1.7204057e-01
   3.3625551e-01
   5.6074323e-01
   7.5359519e-01
   8.1712936e-01
   6.7736544e-01
   3.1032356e-01
  -2.4489676e-01
  -8.9345391e-01
  -1.5130837e+00
  -1.9954705e+00
  -2.2856917e+00
  -2.4028317e+00
  -2.4304042e+00
  -2.4773676e+00
  -2.6243781e+00
  -2.8783944e+00
  -3.1567145e+00
  -3.3094875e+00
  -3.1734985e+00
  -2.6370090e+00
  -1.6909621e+00
  -4.4723957e-01
   8.8290359e-01
   2.0431750e+00
   2.8022567e+00
   3.0189697e+00
   2.6849422e+00
   1.9342706e+00
   1.0184772e+00
   2.5308198e-01
  -5.2505364e-02
   3.3221771e-01
   1.4972966e+00
   3.3546276e+00
   5.6343631e+00
   7.9213296e+00
   9.7300189e+00
   1.0606512e+01
   1.0235077e+01
   8.5205146e+00
   5.6193246e+00
   1.9060494e+00
  -2.1169511e+00
  -5.9363769e+00
  -9.1314820e+00
  -1.1431998e+01
  -1.2720568e+01
  -1.2994841e+01
  -1.2319442e+01
  -1.0796189e+01
  -8.5644436e+00
  -5.8219172e+00
  -2.8414162e+00
   4.1005682e-02
   2.4759263e+00
   4.1761405e+00
   4.9896589e+00
   4.9402176e+00
   4.2179968e+00
   3.1228521e+00
   1.9798046e+00
   1.0551568e+00
   4.9918609e-01
   3.3011642e-01
   4.5899673e-01
   7.4190355e-01
   1.0388430e+00
   1.2594273e+00
   1.3825195e+00
   1.4473857e+00
   1.5237895e+00
   1.6747566e+00
   1.9265134e+00
   2.2554218e+00
   2.5939154e+00
   2.8502040e+00
   2.9330089e+00
   2.7736443e+00
   2.3415526e+00
   1.6528114e+00
   7.7208961e-01
  -1.9250503e-01
  -1.1030070e+00
  -1.8136369e+00
  -2.1982782e+00
  -2.1776707e+00
  -1.7403299e+00
  -9.5316496e-01
   4.0295369e-02
   1.0358304e+00
   1.8003683e+00
   2.1188057e+00
   1.8482771e+00
   9.6484185e-01
  -4.1518251e-01
  -2.0514490e+00
  -3.6336544e+00
  -4.8611522e+00
  -5.5271270e+00
  -5.5826351e+00
  -5.1571798e+00
  -4.5210882e+00
  -3.9928050e+00
  -3.8178156e+00
  -4.0644241e+00
  -4.5818704e+00
  -5.0431375e+00
  -5.0582743e+00
  -4.3136167e+00
  -2.6830600e+00
  -2.7202170e-01
   2.6155328e+00
   5.5658144e+00
   8.1606947e+00
   1.0063680e+01
   1.1069325e+01
   1.1120937e+01
   1.0311219e+01
   8.8728598e+00
   7.1504076e+00
   5.5380286e+00
   4.3803828e+00
   3.8590951e+00
   3.9075446e+00
   4.1977246e+00
   4.2224464e+00
   3.4614216e+00
   1.5822984e+00
  -1.3983506e+00
  -5.0682759e+00
  -8.7241129e+00
  -1.1599765e+01
  -1.3129631e+01
  -1.3135586e+01
  -1.1859644e+01
  -9.8351145e+00
  -7.6599636e+00
  -5.7730252e+00
  -4.3236000e+00
  -3.1776035e+00
  -2.0429476e+00
  -6.4952693e-01
   1.0966260e+00
   3.0463380e+00
   4.8473733e+00
   6.0687512e+00
   6.3590149e+00
   5.5818672e+00
   3.8843346e+00
   1.6757008e+00
  -4.7715055e-01
  -2.0070634e+00
  -2.5087067e+00
  -1.8542799e+00
  -2.2479122e-01
   1.9541351e+00
   4.1505007e+00
   5.8906070e+00
   6.8928678e+00
   7.1246503e+00
   6.7643163e+00
   6.0856871e+00
   5.3115937e+00
   4.4970456e+00
   3.4950633e+00
   2.0286653e+00
  -1.5155148e-01
  -3.0862310e+00
  -6.4829731e+00
  -9.7133098e+00
  -1.1949499e+01
  -1.2404165e+01
  -1.0594886e+01
  -6.5451882e+00
  -8.5368897e-01
   5.3971236e+00
   1.0875697e+01
   1.4322496e+01
   1.4871714e+01
   1.2280336e+01
   6.9924184e+00
   1.6592887e-02
  -7.3409112e+00
  -1.3794545e+01
  -1.8344015e+01
  -2.0414306e+01
  -1.9861931e+01
  -1.6893608e+01
  -1.1964631e+01
  -5.7047692e+00
   1.1228743e+00
   7.6618007e+00
   1.3042426e+01
   1.6520992e+01
   1.7651330e+01
   1.6424813e+01
   1.3305796e+01
   9.1234209e+00
   4.8418489e+00
   1.2883364e+00
  -1.0591699e+00
  -2.1480516e+00
  -2.2729153e+00
  -1.8899551e+00
  -1.4102173e+00
  -1.0574541e+00
  -8.3861393e-01
  -6.2085308e-01
  -2.6434995e-01
   2.5661198e-01
   7.9843378e-01
   1.0804091e+00
   7.8956494e-01
  -2.8416663e-01
  -2.1359075e+00
  -4.5020976e+00
  -6.9049585e+00
  -8.7724357e+00
  -9.5945574e+00
  -9.0668795e+00
  -7.1788387e+00
  -4.2240714e+00
  -7.3302500e-01
   2.6519628e+00
   5.3266645e+00
   6.8631412e+00
   7.1018351e+00
   6.1738985e+00
   4.4488224e+00
   2.4247122e+00
   5.9563236e-01
  -6.6492255e-01
  -1.1743564e+00
  -9.5300831e-01
  -1.8521925e-01
   8.4989828e-01
   1.8543176e+00
   2.5758099e+00
   2.8524818e+00
   2.6343173e+00
   1.9818054e+00
   1.0436368e+00
   1.7906552e-02
  -8.9592622e-01
  -1.5446070e+00
  -1.8570557e+00
  -1.8585163e+00
  -1.6570626e+00
  -1.4042199e+00
  -1.2402469e+00
  -1.2417534e+00
  -1.3915863e+00
  -1.5853051e+00
  -1.6749951e+00
  -1.5347501e+00
  -1.1212705e+00
  -5.0377453e-01
   1.5035488e-01
   6.2988542e-01
   7.5416872e-01
   4.4086617e-01
  -2.5621386e-01
  -1.1507072e+00
  -1.9663408e+00
  -2.4059165e+00
  -2.2298428e+00
  -1.3275445e+00
   2.3500393e-01
   2.2090463e+00
   4.2104991e+00
   5.8168120e+00
   6.6851127e+00
   6.6474882e+00
   5.7449204e+00
   4.1889786e+00
   2.2745641e+00
   2.8754159e-01
  -1.5532298e+00
  -3.1047340e+00
  -4.2738674e+00
  -4.9872701e+00
  -5.1829541e+00
  -4.8303275e+00
  -3.9644685e+00
  -2.7104405e+00
  -1.2781058e+00
   7.7010559e-02
   1.1145715e+00
   1.6697771e+00
   1.6914462e+00
   1.2451815e+00
   4.8180923e-01
  -4.1664148e-01
  -1.2929719e+00
  -2.0512288e+00
  -2.6598255e+00
  -3.1224638e+00
  -3.4326357e+00
  -3.5352724e+00
  -3.3169430e+00
  -2.6347039e+00
  -1.3770625e+00
   4.6524598e-01
   2.7487887e+00
   5.1725960e+00
   7.3279938e+00
   8.7916439e+00
   9.2347187e+00
   8.5157519e+00
   6.7293277e+00
   4.1946297e+00
   1.3844517e+00
  -1.1868205e+00
  -3.0845051e+00
  -4.0499646e+00
  -4.0474760e+00
  -3.2541981e+00
  -2.0024381e+00
  -6.9385643e-01
   2.9180668e-01
   6.7370965e-01
   3.1920396e-01
  -7.3988124e-01
  -2.3216476e+00
  -4.1318299e+00
  -5.8159588e+00
  -7.0185798e+00
  -7.4439962e+00
  -6.9128288e+00
  -5.4059798e+00
  -3.0846210e+00
  -2.7520073e-01
   2.5851796e+00
   5.0357209e+00
   6.6909020e+00
   7.3239547e+00
   6.9108228e+00
   5.6238236e+00
   3.7806221e+00
   1.7659961e+00
  -5.2427754e-02
  -1.3958535e+00
  -2.1195316e+00
  -2.2229310e+00
  -1.8239369e+00
  -1.1069363e+00
  -2.6425300e-01
   5.4802042e-01
   1.2273008e+00
   1.7159337e+00
   1.9787117e+00
   1.9825949e+00
   1.6918738e+00
   1.0836678e+00
   1.7741748e-01
  -9.3766431e-01
  -2.0960675e+00
  -3.0820901e+00
  -3.6849584e+00
  -3.7633217e+00
  -3.2921082e+00
  -2.3711459e+00
  -1.1921918e+00
   2.0534531e-02
   1.0716076e+00
   1.8360646e+00
   2.2722419e+00
   2.4090629e+00
   2.3179504e+00
   2.0806775e+00
   1.7629853e+00
   1.4012710e+00
   1.0052684e+00
   5.7333361e-01
   1.1138620e-01
  -3.5479385e-01
  -7.8022571e-01
  -1.1136765e+00
  -1.3162807e+00
  -1.3770318e+00
  -1.3180033e+00
  -1.1862120e+00
  -1.0342780e+00
  -8.9732903e-01
  -7.7683780e-01
  -6.4071989e-01
  -4.4225947e-01
  -1.5073579e-01
   2.2104041e-01
   6.0793997e-01
   9.1056215e-01
   1.0351301e+00
   9.3821120e-01
   6.5492157e-01
   2.9549301e-01
   8.8799427e-03
  -7.3442810e-02
   1.0819041e-01
   5.1049189e-01
   9.9232470e-01
   1.3562892e+00
   1.4138758e+00
   1.0522830e+00
   2.7964829e-01
  -7.6746728e-01
  -1.8575101e+00
  -2.7276041e+00
  -3.1572295e+00
  -3.0292294e+00
  -2.3599717e+00
  -1.2900831e+00
  -3.9447823e-02
   1.1580323e+00
   2.1172122e+00
   2.7402674e+00
   3.0189282e+00
   3.0032277e+00
   2.7541199e+00
   2.3050470e+00
   1.6536257e+00
   7.8893756e-01
  -2.6060383e-01
  -1.3876379e+00
  -2.4018274e+00
  -3.0722526e+00
  -3.2039368e+00
  -2.7176942e+00
  -1.6976768e+00
  -3.8296916e-01
   8.9675389e-01
   1.8177838e+00
   2.1555815e+00
   1.8437058e+00
   9.8371707e-01
  -1.9071777e-01
  -1.3800064e+00
  -2.2949843e+00
  -2.7244513e+00
  -2.5791004e+00
  -1.9031349e+00
  -8.5280410e-01
   3.5011674e-01
   1.4750947e+00
   2.3334449e+00
   2.8105856e+00
   2.8754770e+00
   2.5704725e+00
   1.9896773e+00
   1.2546415e+00
   4.9320603e-01
  -1.7725901e-01
  -6.6387518e-01
  -9.1043420e-01
  -9.0582358e-01
  -6.8553927e-01
  -3.2488888e-01
   7.4893866e-02
   4.0539810e-01
   5.7263725e-01
   5.1875429e-01
   2.3879814e-01
  -2.1402050e-01
  -7.3914529e-01
  -1.2143106e+00
  -1.5284323e+00
  -1.6112795e+00
  -1.4513116e+00
  -1.0978637e+00
  -6.4857265e-01
  -2.2570788e-01
   5.3768101e-02
   1.0855766e-01
  -8.3383838e-02
  -4.7533417e-01
  -9.6071105e-01
  -1.3988976e+00
  -1.6504049e+00
  -1.6107185e+00
  -1.2335881e+00
  -5.3928547e-01
   3.9124106e-01
   1.4319509e+00
   2.4323709e+00
   3.2405329e+00
   3.7268834e+00
   3.8070873e+00
   3.4593534e+00
   2.7308048e+00
   1.7294934e+00
   6.0325506e-01
  -4.8890901e-01
  -1.4052248e+00
  -2.0425087e+00
  -2.3464919e+00
  -2.3108665e+00
  -1.9687485e+00
  -1.3826472e+00
  -6.3787147e-01
   1.6028006e-01
   8.9024369e-01
   1.4253502e+00
   1.6558958e+00
   1.5188931e+00
   1.0252275e+00
   2.7056539e-01
  -5.8038776e-01
  -1.3366189e+00
  -1.8379048e+00
  -2.0047243e+00
  -1.8603284e+00
  -1.5153973e+00
  -1.1215852e+00
  -8.1320724e-01
  -6.6049987e-01
  -6.5183700e-01
  -7.0923731e-01
  -7.2766227e-01
  -6.2017382e-01
  -3.5110270e-01
   5.3406382e-02
   5.1819546e-01
   9.4779424e-01
   1.2594914e+00
   1.4093991e+00
   1.4034892e+00
   1.2908214e+00
   1.1420151e+00
   1.0210414e+00
   9.6105738e-01
   9.5386696e-01
   9.5733796e-01
   9.1734704e-01
   7.9410569e-01
   5.8065881e-01
   3.0520028e-01
   1.6665417e-02
  -2.3904142e-01
  -4.4054022e-01
  -5.9969623e-01
  -7.5298102e-01
  -9.3890183e-01
  -1.1715521e+00
  -1.4225954e+00
  -1.6208329e+00
  -1.6713574e+00
  -1.4882121e+00
  -1.0286414e+00
  -3.1569726e-01
   5.6009005e-01
   1.4613470e+00
   2.2394985e+00
   2.7724806e+00
   2.9913795e+00
   2.8879054e+00
   2.5024875e+00
   1.9001858e+00
   1.1458183e+00
   2.8920425e-01
  -6.3388068e-01
  -1.5876233e+00
  -2.5187178e+00
  -3.3474537e+00
  -3.9750439e+00
  -4.3064824e+00
  -4.2800229e+00
  -3.8905036e+00
  -3.1959743e+00
  -2.3042034e+00
  -1.3441981e+00
  -4.3381138e-01
   3.4482905e-01
   9.5483974e-01
   1.3987972e+00
   1.7033917e+00
   1.9028125e+00
   2.0276578e+00
   2.1018050e+00
   2.1448932e+00
   2.1754519e+00
   2.2105986e+00
   2.2617810e+00
   2.3296266e+00
   2.4019531e+00
   2.4567888e+00
   2.4687110e+00
   2.4147120e+00
   2.2767187e+00
   2.0410122e+00
   1.6975017e+00
   1.2418960e+00
   6.8130407e-01
   4.0630558e-02
  -6.3461826e-01
  -1.2828562e+00
  -1.8391480e+00
  -2.2530727e+00
  -2.5053730e+00
  -2.6162731e+00
  -2.6408086e+00
  -2.6512914e+00
  -2.7121033e+00
  -2.8552806e+00
  -3.0655804e+00
  -3.2808879e+00
  -3.4089792e+00
  -3.3563108e+00
  -3.0600847e+00
  -2.5126248e+00
  -1.7683824e+00
  -9.2936842e-01
  -1.1326666e-01
   5.8369556e-01
   1.1141273e+00
   1.4862317e+00
   1.7485857e+00
   1.9617924e+00
   2.1713558e+00
   2.3938974e+00
   2.6203758e+00
   2.8306458e+00
   3.0089374e+00
   3.1514246e+00
   3.2628768e+00
   3.3457768e+00
   3.3890457e+00
   3.3629998e+00
   3.2232728e+00
   2.9219819e+00
   2.4219517e+00
   1.7098353e+00
   8.0516568e-01
  -2.3672648e-01
  -1.3295227e+00
  -2.3688960e+00
  -3.2515774e+00
  -3.8954930e+00
  -4.2547412e+00
  -4.3249742e+00
  -4.1385819e+00
  -3.7524736e+00
  -3.2327182e+00
  -2.6401623e+00
  -2.0203968e+00
  -1.4003608e+00
  -7.9215983e-01
  -2.0227404e-01
   3.5796016e-01
   8.6559471e-01
   1.2867015e+00
   1.5848238e+00
   1.7339434e+00
   1.7302083e+00
   1.5968459e+00
   1.3795430e+00
   1.1336977e+00
   9.0833045e-01
   7.3267256e-01
   6.1023600e-01
   5.2219453e-01
   4.3835492e-01
   3.3119514e-01
   1.8745421e-01
   1.2973578e-02
  -1.7059726e-01
  -3.3525741e-01
  -4.5792979e-01
  -5.2881701e-01
  -5.5371287e-01
  -5.4981842e-01
  -5.3706884e-01
  -5.2842083e-01
  -5.2283943e-01
  -5.0391978e-01
  -4.4522468e-01
  -3.2087528e-01
  -1.1762287e-01
   1.5635555e-01
   4.6976949e-01
   7.7486975e-01
   1.0204194e+00
   1.1664416e+00
   1.1955686e+00
   1.1172164e+00
   9.6343160e-01
   7.7802028e-01
   6.0267247e-01
   4.6468126e-01
   3.7020746e-01
   3.0499082e-01
   2.4171441e-01
   1.5097436e-01
   1.1855356e-02
  -1.8128695e-01
  -4.1748430e-01
  -6.7282574e-01
  -9.1714678e-01
  -1.1211641e+00
  -1.2618830e+00
  -1.3251906e+00
  -1.3058555e+00
  -1.2061498e+00
  -1.0345366e+00
  -8.0530140e-01
  -5.3901480e-01
  -2.6288106e-01
  -9.7478727e-03
   1.8507360e-01
   2.8923010e-01
   2.8015520e-01
   1.5183630e-01
  -8.0134092e-02
  -3.7666113e-01
  -6.7748757e-01
  -9.0851946e-01
  -9.9433775e-01
  -8.7483429e-01
  -5.2284692e-01
   4.2321630e-02
   7.5106176e-01
   1.4928413e+00
   2.1383342e+00
   2.5693044e+00
   2.7080562e+00
   2.5376361e+00
   2.1062518e+00
   1.5139679e+00
   8.8525786e-01
   3.3558638e-01
  -5.7828816e-02
  -2.7241451e-01
  -3.3957804e-01
  -3.2850972e-01
  -3.2086021e-01
  -3.8490621e-01
  -5.5676895e-01
  -8.3286894e-01
  -1.1738251e+00
  -1.5169461e+00
  -1.7929717e+00
  -1.9426503e+00
  -1.9295237e+00
  -1.7464795e+00
  -1.4150587e+00
  -9.7820639e-01
  -4.8894413e-01
   1.2523658e-03
   4.5059082e-01
   8.2952411e-01
   1.1184133e+00
   1.3033610e+00
   1.3738844e+00
   1.3245350e+00
   1.1598068e+00
   8.9930353e-01
   5.7937412e-01
   2.4862640e-01
  -4.2586421e-02
  -2.5557517e-01
  -3.7456222e-01
  -4.1098315e-01
  -3.9857965e-01
  -3.8068082e-01
  -3.9418403e-01
  -4.5593423e-01
  -5.5608510e-01
  -6.6034246e-01
  -7.2005330e-01
  -6.8697081e-01
  -5.2853942e-01
  -2.3956610e-01
   1.5294589e-01
   5.9328790e-01
   1.0081377e+00
   1.3225457e+00
   1.4769512e+00
   1.4411705e+00
   1.2219262e+00
   8.6183460e-01
   4.2977106e-01
   4.8815981e-03
  -3.4148565e-01
  -5.6086128e-01
  -6.3565167e-01
  -5.7846496e-01
  -4.2419818e-01
  -2.1854932e-01
  -7.1736900e-03
   1.7148480e-01
   2.8888261e-01
   3.2594764e-01
   2.7200773e-01
   1.2513852e-01
  -1.0564083e-01
  -3.9772830e-01
  -7.1417282e-01
  -1.0066629e+00
  -1.2227984e+00
  -1.3165973e+00
  -1.2598313e+00
  -1.0509304e+00
  -7.1823054e-01
  -3.1560551e-01
   8.9104829e-02
   4.2985038e-01
   6.5762013e-01
   7.5059297e-01
   7.1645734e-01
   5.8695318e-01
   4.0717318e-01
   2.2336968e-01
   7.2725889e-02
  -2.2741525e-02
  -5.7550715e-02
  -4.0116347e-02
   1.2360501e-02
   7.9740979e-02
   1.4416923e-01
   1.9392402e-01
   2.2560126e-01
   2.4439398e-01
   2.6219077e-01
   2.9348682e-01
   3.4982955e-01
   4.3438186e-01
   5.3863304e-01
   6.4289058e-01
   7.2090342e-01
   7.4726638e-01
   7.0495697e-01
   5.9017250e-01
   4.1272081e-01
   1.9209799e-01
  -4.8799158e-02
  -2.8949339e-01
  -5.1494616e-01
  -7.1506462e-01
  -8.8185559e-01
  -1.0065146e+00
  -1.0785828e+00
  -1.0880128e+00
  -1.0292743e+00
  -9.0538200e-01
  -7.2958210e-01
  -5.2344851e-01
  -3.1182801e-01
  -1.1658843e-01
   4.8283656e-02
   1.7831966e-01
   2.7653383e-01
   3.4891965e-01
   3.9965852e-01
   4.2823982e-01
   4.2984199e-01
   3.9892113e-01
   3.3446600e-01
   2.4440865e-01
   1.4675718e-01
   6.6227021e-02
   2.7006495e-02
   4.4012301e-02
   1.1587854e-01
   2.2261981e-01
   3.2945301e-01
   3.9609076e-01
   3.8871676e-01
   2.9069717e-01
   1.0842494e-01
  -1.2956625e-01
  -3.7968618e-01
  -5.9398686e-01
  -7.3097560e-01
  -7.6351604e-01
  -6.8231686e-01
  -4.9530593e-01
  -2.2441596e-01
   9.8518959e-02
   4.3578268e-01
   7.4769011e-01
   9.9686164e-01
   1.1531240e+00
   1.1986257e+00
   1.1319741e+00
   9.6969202e-01
   7.4344863e-01
   4.9259790e-01
   2.5338619e-01
   4.8029800e-02
  -1.2229222e-01
  -2.7727173e-01
  -4.4917912e-01
  -6.6852993e-01
  -9.4842533e-01
  -1.2733745e+00
  -1.5972839e+00
  -1.8521990e+00
  -1.9655373e+00
  -1.8805537e+00
  -1.5737654e+00
  -1.0641834e+00
  -4.1182168e-01
   2.9391348e-01
   9.5267495e-01
   1.4736577e+00
   1.7931796e+00
   1.8855314e+00
   1.7651040e+00
   1.4798261e+00
   1.0978048e+00
   6.9053585e-01
   3.1688171e-01
   1.1867522e-02
  -2.1693627e-01
  -3.8486054e-01
  -5.1925232e-01
  -6.4594887e-01
  -7.7745680e-01
  -9.0645622e-01
  -1.0064332e+00
  -1.0389849e+00
  -9.6543428e-01
  -7.5943060e-01
  -4.1729748e-01
   3.6350112e-02
   5.4922621e-01
   1.0487087e+00
   1.4551156e+00
   1.6985914e+00
   1.7357746e+00
   1.5616998e+00
   1.2130485e+00
   7.6094356e-01
   2.9443763e-01
  -1.0129164e-01
  -3.6625803e-01
  -4.8067453e-01
  -4.6947142e-01
  -3.9485844e-01
  -3.3847189e-01
  -3.7730266e-01
  -5.5942775e-01
  -8.8613176e-01
  -1.3059542e+00
  -1.7235056e+00
  -2.0220284e+00
  -2.0945539e+00
  -1.8753045e+00
  -1.3619393e+00
  -6.2114627e-01
   2.2516957e-01
   1.0296631e+00
   1.6564699e+00
   2.0140297e+00
   2.0741142e+00
   1.8722579e+00
   1.4911126e+00
   1.0335560e+00
   5.9474853e-01
   2.4116630e-01
   9.8034838e-04
  -1.3407379e-01
  -1.9828212e-01
  -2.3719281e-01
  -2.9246952e-01
  -3.8946852e-01
  -5.2989601e-01
  -6.9123496e-01
  -8.3350625e-01
  -9.1201195e-01
  -8.9247772e-01
  -7.6357636e-01
  -5.4215891e-01
  -2.6883627e-01
   4.8865552e-03
   2.3330632e-01
   3.9069709e-01
   4.7752054e-01
   5.1652584e-01
   5.4082308e-01
   5.7922043e-01
   6.4486744e-01
   7.3133856e-01
   8.1678608e-01
   8.7341479e-01
   8.7777564e-01
   8.1780117e-01
   6.9458376e-01
   5.1942059e-01
   3.0845820e-01
   7.7785104e-02
  -1.5891676e-01
  -3.8961980e-01
  -6.0131468e-01
  -7.7789919e-01
  -9.0098894e-01
  -9.5465144e-01
  -9.3279709e-01
  -8.4592634e-01
  -7.2331420e-01
  -6.0805452e-01
  -5.4522913e-01
  -5.6661110e-01
  -6.7738207e-01
  -8.5031554e-01
  -1.0305282e+00
  -1.1500700e+00
  -1.1479016e+00
  -9.8873622e-01
  -6.7453182e-01
  -2.4488718e-01
   2.3373395e-01
   6.8639592e-01
   1.0497595e+00
   1.2875363e+00
   1.3968685e+00
   1.4044792e+00
   1.3548900e+00
   1.2952547e+00
   1.2617120e+00
   1.2707943e+00
   1.3171862e+00
   1.3770490e+00
   1.4149792e+00
   1.3925495e+00
   1.2768267e+00
   1.0477003e+00
   7.0303536e-01
   2.6074081e-01
  -2.4284863e-01
  -7.5822823e-01
  -1.2307801e+00
  -1.6101800e+00
  -1.8593728e+00
  -1.9612482e+00
  -1.9213634e+00
  -1.7657946e+00
  -1.5344628e+00
  -1.2716551e+00
  -1.0163349e+00
  -7.9480786e-01
  -6.1743700e-01
  -4.7978230e-01
  -3.6728043e-01
  -2.6172926e-01
  -1.4753383e-01
  -1.5943084e-02
   1.3365747e-01
   2.9515575e-01
   4.5857790e-01
   6.1287485e-01
   7.4769123e-01
   8.5420025e-01
   9.2573908e-01
   9.5872656e-01
   9.5345108e-01
   9.1372482e-01
   8.4487239e-01
   7.5082105e-01
   6.3209316e-01
   4.8632223e-01
   3.1158208e-01
   1.1125497e-01
  -1.0171473e-01
  -3.0326502e-01
  -4.6067138e-01
  -5.3913208e-01
  -5.1116290e-01
  -3.6613550e-01
  -1.1666766e-01
   2.0080212e-01
   5.3210616e-01
   8.1665185e-01
   1.0006634e+00
   1.0484842e+00
   9.4887641e-01
   7.1507517e-01
   3.7940232e-01
  -1.5233918e-02
  -4.2404248e-01
  -8.0679146e-01
  -1.1308375e+00
  -1.3713045e+00
  -1.5103155e+00
  -1.5374086e+00
  -1.4521939e+00
  -1.2684572e+00
  -1.0172698e+00
  -7.4609219e-01
  -5.1178864e-01
  -3.6769867e-01
  -3.4768071e-01
  -4.5220547e-01
  -6.4206876e-01
  -8.4359116e-01
  -9.6560928e-01
  -9.2429838e-01
  -6.6851044e-01
  -1.9732090e-01
   4.3649015e-01
   1.1387773e+00
   1.7985872e+00
   2.3172379e+00
   2.6329770e+00
   2.7341902e+00
   2.6581641e+00
   2.4767560e+00
   2.2734933e+00
   2.1180764e+00
   2.0443036e+00
   2.0366394e+00
   2.0293157e+00
   1.9199067e+00
   1.5963583e+00
   9.7239305e-01
   2.1986046e-02
  -1.1986838e+00
  -2.5515892e+00
  -3.8428486e+00
  -4.8685853e+00
  -5.4668915e+00
  -5.5589158e+00
  -5.1653900e+00
  -4.3936107e+00
  -3.4005336e+00
  -2.3459163e+00
  -1.3521654e+00
  -4.8380763e-01
   2.4903215e-01
   8.6853021e-01
   1.4007601e+00
   1.8545429e+00
   2.2163449e+00
   2.4615943e+00
   2.5746709e+00
   2.5658013e+00
   2.4750099e+00
   2.3600725e+00
   2.2736234e+00
   2.2401282e+00
   2.2437381e+00
   2.2331515e+00
   2.1419375e+00
   1.9158776e+00
   1.5358112e+00
   1.0265091e+00
   4.4825274e-01
  -1.2477899e-01
  -6.2984372e-01
  -1.0342055e+00
  -1.3399829e+00
  -1.5745636e+00
  -1.7719355e+00
  -1.9535523e+00
  -2.1167240e+00
  -2.2347566e+00
  -2.2682001e+00
  -2.1825311e+00
  -1.9655092e+00
  -1.6375692e+00
  -1.2507881e+00
  -8.7577740e-01
  -5.8029230e-01
  -4.0687955e-01
  -3.5787126e-01
  -3.9371908e-01
  -4.4574835e-01
  -4.3890103e-01
  -3.1627404e-01
  -5.6781812e-02
   3.1985056e-01
   7.6163046e-01
   1.2023152e+00
   1.5818592e+00
   1.8622207e+00
   2.0340248e+00
   2.1133077e+00
   2.1308807e+00
   2.1187309e+00
   2.0981159e+00
   2.0728441e+00
   2.0291847e+00
   1.9415717e+00
   1.7815433e+00
   1.5267998e+00
   1.1679132e+00
   7.1149052e-01
   1.7975203e-01
  -3.9284361e-01
  -9.6503152e-01
  -1.4952388e+00
  -1.9480434e+00
  -2.2993789e+00
  -2.5393798e+00
  -2.6722468e+00
  -2.7132609e+00
  -2.6837761e+00
  -2.6055173e+00
  -2.4957815e+00
  -2.3649933e+00
  -2.2172129e+00
  -2.0528129e+00
  -1.8714372e+00
  -1.6733039e+00
  -1.4579747e+00
  -1.2212334e+00
  -9.5190022e-01
  -6.3076508e-01
  -2.3323941e-01
   2.6398179e-01
   8.7357002e-01
   1.5881881e+00
   2.3743171e+00
   3.1720658e+00
   3.9023726e+00
   4.4810415e+00
   4.8368833e+00
   4.9294074e+00
   4.7606798e+00
   4.3767698e+00
   3.8569129e+00
   3.2925769e+00
   2.7625097e+00
   2.3116945e+00
   1.9408161e+00
   1.6088559e+00
   1.2466953e+00
   7.7641031e-01
   1.3053491e-01
  -7.3253810e-01
  -1.8183523e+00
  -3.0912116e+00
  -4.4739327e+00
  -5.8534430e+00
  -7.0936874e+00
  -8.0561121e+00
  -8.6249430e+00
  -8.7310403e+00
  -8.3665031e+00
  -7.5839969e+00
  -6.4797473e+00
  -5.1652600e+00
  -3.7373980e+00
  -2.2574612e+00
  -7.4688028e-01
   7.9896445e-01
   2.3844100e+00
   3.9857343e+00
   5.5344395e+00
   6.9204771e+00
   8.0165931e+00
   8.7158898e+00
   8.9680805e+00
   8.7992386e+00
   8.3060217e+00
   7.6255554e+00
   6.8915601e+00
   6.1921146e+00
   5.5434377e+00
   4.8882451e+00
   4.1189559e+00
   3.1181418e+00
   1.8035602e+00
   1.6422300e-01
  -1.7229150e+00
  -3.7003936e+00
  -5.5603700e+00
  -7.0907289e+00
  -8.1266225e+00
  -8.5944799e+00
  -8.5353000e+00
  -8.0973898e+00
  -7.4963855e+00
  -6.9509805e+00
  -6.6125558e+00
  -6.5115023e+00
  -6.5396486e+00
  -6.4772168e+00
  -6.0579784e+00
  -5.0533690e+00
  -3.3498759e+00
  -9.9596159e-01
   1.7957230e+00
   4.6913390e+00
   7.3112623e+00
   9.3163819e+00
   1.0481689e+01
   1.0738016e+01
   1.0172574e+01
   8.9914429e+00
   7.4583373e+00
   5.8294557e+00
   4.3022894e+00
   2.9886871e+00
   1.9133918e+00
   1.0324051e+00
   2.6252733e-01
  -4.8623218e-01
  -1.2816860e+00
  -2.1483250e+00
  -3.0572705e+00
  -3.9297737e+00
  -4.6549860e+00
  -5.1193745e+00
  -5.2407792e+00
  -4.9966446e+00
  -4.4356962e+00
  -3.6666912e+00
  -2.8263473e+00
  -2.0379789e+00
  -1.3776783e+00
  -8.6199341e-01
  -4.6049188e-01
  -1.2416603e-01
   1.8629609e-01
   4.8593185e-01
   7.6855661e-01
   1.0209783e+00
   1.2370024e+00
   1.4225097e+00
   1.5900494e+00
   1.7479148e+00
   1.8911415e+00
   1.9999387e+00
   2.0465323e+00
   2.0068740e+00
   1.8714123e+00
   1.6499737e+00
   1.3687986e+00
   1.0611895e+00
   7.5572734e-01
   4.6693381e-01
   1.9231131e-01
  -8.2858508e-02
  -3.7476875e-01
  -6.8870131e-01
  -1.0101071e+00
  -1.3031558e+00
  -1.5182526e+00
  -1.6069237e+00
  -1.5396577e+00
  -1.3206304e+00
  -9.9345048e-01
  -6.3439831e-01
  -3.3358506e-01
  -1.6889477e-01
  -1.8094168e-01
  -3.5801933e-01
  -6.3723226e-01
  -9.2234244e-01
  -1.1126489e+00
  -1.1332241e+00
  -9.5662440e-01
  -6.0948482e-01
  -1.6268975e-01
   2.9085327e-01
   6.6318265e-01
   8.9454562e-01
   9.6652205e-01
   9.0231778e-01
   7.5549496e-01
   5.9147321e-01
   4.6783232e-01
   4.1952249e-01
   4.5331421e-01
   5.5246978e-01
   6.8886021e-01
   8.3714944e-01
   9.8520560e-01
   1.1365797e+00
   1.3040474e+00
   1.4968389e+00
   1.7070233e+00
   1.9013305e+00
   2.0228889e+00
   2.0035694e+00
   1.7834795e+00
   1.3314081e+00
   6.5958504e-01
  -1.7226049e-01
  -1.0656516e+00
  -1.9035037e+00
  -2.5766242e+00
  -3.0088833e+00
  -3.1731216e+00
  -3.0928367e+00
  -2.8299281e+00
  -2.4638378e+00
  -2.0699465e+00
  -1.7041728e+00
  -1.3971944e+00
  -1.1574679e+00
  -9.7916278e-01
  -8.5031429e-01
  -7.5775509e-01
  -6.8774152e-01
  -6.2353101e-01
  -5.4268134e-01
  -4.1705301e-01
  -2.1730738e-01
   7.8466022e-02
   4.7461160e-01
   9.5028062e-01
   1.4582656e+00
   1.9325163e+00
   2.3035254e+00
   2.5174692e+00
   2.5528720e+00
   2.4287668e+00
   2.2009098e+00
   1.9465947e+00
   1.7424642e+00
   1.6420946e+00
   1.6602607e+00
   1.7686942e+00
   1.9045449e+00
   1.9888035e+00
   1.9488721e+00
   1.7382309e+00
   1.3472544e+00
   8.0246875e-01
   1.5577117e-01
  -5.3142952e-01
  -1.2030251e+00
  -1.8172537e+00
  -2.3482836e+00
  -2.7818212e+00
  -3.1083388e+00
  -3.3179330e+00
  -3.3995558e+00
  -3.3450327e+00
  -3.1558701e+00
  -2.8493465e+00
  -2.4603948e+00
  -2.0373004e+00
  -1.6317072e+00
  -1.2858682e+00
  -1.0214554e+00
  -8.3385570e-01
  -6.9389783e-01
  -5.5637422e-01
  -3.7273406e-01
  -1.0447057e-01
   2.6613487e-01
   7.3049833e-01
   1.2548549e+00
   1.7878373e+00
   2.2725465e+00
   2.6597437e+00
   2.9184401e+00
   3.0411044e+00
   3.0425219e+00
   2.9532377e+00
   2.8098344e+00
   2.6447753e+00
   2.4782991e+00
   2.3141173e+00
   2.1396513e+00
   1.9304151e+00
   1.6571413e+00
   1.2936754e+00
   8.2382456e-01
   2.4620111e-01
  -4.2287606e-01
  -1.1479947e+00
  -1.8750402e+00
  -2.5348033e+00
  -3.0516530e+00
  -3.3578232e+00
  -3.4110402e+00
  -3.2102964e+00
  -2.8033546e+00
  -2.2811948e+00
  -1.7588463e+00
  -1.3471834e+00
  -1.1239706e+00
  -1.1130222e+00
  -1.2776962e+00
  -1.5303922e+00
  -1.7550201e+00
  -1.8360126e+00
  -1.6861770e+00
  -1.2665985e+00
  -5.9437421e-01
   2.6257083e-01
   1.2008738e+00
   2.1023060e+00
   2.8542914e+00
   3.3669381e+00
   3.5855439e+00
   3.4987311e+00
   3.1417311e+00
   2.5929945e+00
   1.9620774e+00
   1.3685451e+00
   9.1487883e-01
   6.5958369e-01
   5.9843421e-01
   6.6101460e-01
   7.2622876e-01
   6.5509082e-01
   3.3350691e-01
  -2.8629675e-01
  -1.1582635e+00
  -2.1393408e+00
  -3.0157601e+00
  -3.5559556e+00
  -3.5781011e+00
  -3.0124164e+00
  -1.9359872e+00
  -5.6393344e-01
   8.0523785e-01
   1.8750787e+00
   2.4390740e+00
   2.4394732e+00
   1.9754889e+00
   1.2589138e+00
   5.3603858e-01
   6.9742035e-03
  -2.2842217e-01
  -1.8281566e-01
   4.5087652e-02
   3.1889761e-01
   5.1363561e-01
   5.4951232e-01
   4.0417616e-01
   1.0599639e-01
  -2.8472226e-01
  -6.9918264e-01
  -1.0815575e+00
  -1.4026761e+00
  -1.6619209e+00
  -1.8770413e+00
  -2.0664360e+00
  -2.2318810e+00
  -2.3493884e+00
  -2.3718850e+00
  -2.2422819e+00
  -1.9123037e+00
  -1.3620857e+00
  -6.1635131e-01
   2.4716081e-01
   1.1023889e+00
   1.7975857e+00
   2.1960752e+00
   2.2266264e+00
   1.9258903e+00
   1.4516105e+00
   1.0513417e+00
   9.8726990e-01
   1.4379751e+00
   2.4133217e+00
   3.7201147e+00
   5.0001898e+00
   5.8344676e+00
   5.8786700e+00
   4.9819441e+00
   3.2448394e+00
   9.9506654e-01
  -1.3107959e+00
  -3.2249240e+00
  -4.4367371e+00
  -4.8483793e+00
  -4.5748590e+00
  -3.8762488e+00
  -3.0544237e+00
  -2.3563164e+00
  -1.9164525e+00
  -1.7500309e+00
  -1.7859224e+00
  -1.9167737e+00
  -2.0440337e+00
  -2.1050880e+00
  -2.0805499e+00
  -1.9866844e+00
  -1.8598247e+00
  -1.7384707e+00
  -1.6469793e+00
  -1.5837301e+00
  -1.5164039e+00
  -1.3864303e+00
  -1.1226654e+00
  -6.6130510e-01
   3.3434924e-02
   9.5380857e-01
   2.0425527e+00
   3.1981958e+00
   4.2909738e+00
   5.1867568e+00
   5.7748301e+00
   5.9939726e+00
   5.8503770e+00
   5.4212398e+00
   4.8398941e+00
   4.2623097e+00
   3.8203172e+00
   3.5729291e+00
   3.4714303e+00
   3.3537202e+00
   2.9771282e+00
   2.0877178e+00
   5.1094143e-01
  -1.7628010e+00
  -4.5290968e+00
  -7.3826712e+00
  -9.8010623e+00
  -1.1281970e+01
  -1.1493347e+01
  -1.0383654e+01
  -8.2089453e+00
  -5.4626528e+00
  -2.7309191e+00
  -5.2415212e-01
   8.5755594e-01
   1.3829692e+00
   1.2601036e+00
   8.3798502e-01
   4.7985513e-01
   4.5118917e-01
   8.5403309e-01
   1.6197057e+00
   2.5529031e+00
   3.4071415e+00
   3.9663727e+00
   4.1097900e+00
   3.8439685e+00
   3.2959363e+00
   2.6705651e+00
   2.1843737e+00
   1.9941225e+00
   2.1409887e+00
   2.5285500e+00
   2.9450578e+00
   3.1284449e+00
   2.8583486e+00
   2.0469554e+00
   7.9492845e-01
  -6.1509113e-01
  -1.7956348e+00
  -2.3830597e+00
  -2.1741423e+00
  -1.2179815e+00
   1.7658098e-01
   1.5267853e+00
   2.3273262e+00
   2.2134501e+00
   1.0775007e+00
  -9.0051781e-01
  -3.3142900e+00
  -5.6569610e+00
  -7.4641467e+00
  -8.4271240e+00
  -8.4458509e+00
  -7.6156450e+00
  -6.1633697e+00
  -4.3621205e+00
  -2.4549669e+00
  -6.0965936e-01
   1.0880259e+00
   2.6087369e+00
   3.9379438e+00
   5.0380341e+00
   5.8312707e+00
   6.2126281e+00
   6.0895147e+00
   5.4332194e+00
   4.3196205e+00
   2.9383361e+00
   1.5604839e+00
   4.7136053e-01
  -1.1120246e-01
  -1.0509932e-01
   4.0589493e-01
   1.1928548e+00
   1.9488956e+00
   2.3818675e+00
   2.3022493e+00
   1.6776681e+00
   6.3716823e-01
  -5.7491395e-01
  -1.6794520e+00
  -2.4503726e+00
  -2.7804111e+00
  -2.7032408e+00
  -2.3666869e+00
  -1.9703569e+00
  -1.6939979e+00
  -1.6442221e+00
  -1.8366567e+00
  -2.2141096e+00
  -2.6873320e+00
  -3.1788112e+00
  -3.6521350e+00
  -4.1170515e+00
  -4.6098905e+00
  -5.1572791e+00
  -5.7356581e+00
  -6.2395350e+00
  -6.4693120e+00
  -6.1467812e+00
  -4.9628039e+00
  -2.6552594e+00
   8.9482813e-01
   5.5724098e+00
   1.0973419e+01
   1.6414480e+01
   2.1023159e+01
   2.3902260e+01
   2.4335458e+01
   2.1980294e+01
   1.6987937e+01
   1.0004084e+01
   2.0404054e+00
  -5.7509371e+00
  -1.2333112e+01
  -1.6993102e+01
  -1.9442174e+01
  -1.9787880e+01
  -1.8405687e+01
  -1.5773909e+01
  -1.2340480e+01
  -8.4630919e+00
  -4.4218830e+00
  -4.6975912e-01
   3.1244487e+00
   6.0698830e+00
   8.0872895e+00
   8.9626565e+00
   8.5947737e+00
   7.0199922e+00
   4.4126966e+00
   1.0694624e+00
  -2.6163412e+00
  -6.1904796e+00
  -9.1909843e+00
  -1.1222166e+01
  -1.2040538e+01
  -1.1627124e+01
  -1.0210935e+01
  -8.2159804e+00
  -6.1314342e+00
  -4.3413394e+00
  -2.9774510e+00
  -1.8594911e+00
  -5.5671366e-01
   1.4450298e+00
   4.5323908e+00
   8.7910639e+00
   1.3935324e+01
   1.9363436e+01
   2.4312403e+01
   2.8051448e+01
   3.0048037e+01
   3.0060586e+01
   2.8143696e+01
   2.4579583e+01
   1.9766768e+01
   1.4104319e+01
   7.9080566e+00
   1.3831274e+00
  -5.3434921e+00
  -1.2150486e+01
  -1.8846044e+01
  -2.5125944e+01
  -3.0588157e+01
  -3.4799939e+01
  -3.7389716e+01
  -3.8127574e+01
  -3.6967945e+01
  -3.4047796e+01
  -2.9651076e+01
  -2.4157239e+01
  -1.7988407e+01
  -1.1562086e+01
  -5.2510003e+00
   6.4824270e-01
   5.9332088e+00
   1.0495657e+01
   1.4303635e+01
   1.7372884e+01
   1.9739014e+01
   2.1440091e+01
   2.2512779e+01
   2.2998419e+01
   2.2952232e+01
   2.2449917e+01
   2.1588733e+01
   2.0481659e+01
   1.9243055e+01
   1.7964683e+01
   1.6685010e+01
   1.5362299e+01
   1.3868241e+01
   1.2016740e+01
   9.6280970e+00
   6.6075200e+00
   3.0011380e+00
  -1.0046663e+00
  -5.1504232e+00
  -9.2113746e+00
  -1.3092723e+01
  -1.6858035e+01
  -2.0665532e+01
  -2.4632223e+01
  -2.8683729e+01
  -3.2459583e+01
  -3.5325642e+01
  -3.6505387e+01
  -3.5295708e+01
  -3.1297613e+01
  -2.4582343e+01
  -1.5733012e+01
  -5.7427060e+00
   4.2037818e+00
   1.3000746e+01
   1.9863762e+01
   2.4469974e+01
   2.6955961e+01
   2.7781003e+01
   2.7509984e+01
   2.6596176e+01
   2.5239909e+01
   2.3367380e+01
   2.0728066e+01
   1.7066834e+01
   1.2302334e+01
   6.6433569e+00
   5.9836183e-01
  -5.1277969e+00
  -9.8147951e+00
  -1.2922014e+01
  -1.4230664e+01
  -1.3887195e+01
  -1.2339083e+01
  -1.0190378e+01
  -8.0274574e+00
  -6.2701231e+00
  -5.0903809e+00
  -4.4163140e+00
  -4.0097188e+00
  -3.5835154e+00
  -2.9159449e+00
  -1.9249833e+00
  -6.8395427e-01
   6.1930350e-01
   1.7592286e+00
   2.5550394e+00
   2.9296365e+00
   2.9261845e+00
   2.6798724e+00
   2.3587059e+00
   2.0980979e+00
   1.9549405e+00
   1.8967875e+00
   1.8255446e+00
   1.6211754e+00
   1.1858982e+00
   4.7389175e-01
  -4.9867594e-01
  -1.6593593e+00
  -2.8927876e+00
  -4.0550768e+00
  -4.9874277e+00
  -5.5311942e+00
  -5.5475797e+00
  -4.9422275e+00
  -3.6902276e+00
  -1.8537543e+00
   4.1487170e-01
   2.8877840e+00
   5.2918828e+00
   7.3492070e+00
   8.8199220e+00
   9.5401880e+00
   9.4479854e+00
   8.5914658e+00
   7.1165394e+00
   5.2339546e+00
   3.1717761e+00
   1.1255262e+00
  -7.7831320e-01
  -2.4926404e+00
  -4.0305498e+00
  -5.4254924e+00
  -6.6887010e+00
  -7.7826994e+00
  -8.6216357e+00
  -9.0963753e+00
  -9.1115065e+00
  -8.6176053e+00
  -7.6260743e+00
  -6.2028964e+00
  -4.4473082e+00
  -2.4672847e+00
  -3.6326894e-01
   1.7745868e+00
   3.8586336e+00
   5.7940326e+00
   7.4760114e+00
   8.7980614e+00
   9.6683201e+00
   1.0026743e+01
   9.8556575e+00
   9.1803386e+00
   8.0612227e+00
   6.5819129e+00
   4.8364844e+00
   2.9175688e+00
   9.0566532e-01
  -1.1390625e+00
  -3.1795292e+00
  -5.1953178e+00
  -7.1652530e+00
  -9.0415215e+00
  -1.0723393e+01
  -1.2042761e+01
  -1.2773995e+01
  -1.2675007e+01
  -1.1554983e+01
  -9.3502644e+00
  -6.1800719e+00
  -2.3550357e+00
   1.6736968e+00
   5.4137698e+00
   8.4472831e+00
   1.0522532e+01
   1.1590773e+01
   1.1779204e+01
   1.1315566e+01
   1.0435278e+01
   9.3041476e+00
   7.9805177e+00
   6.4255764e+00
   4.5548552e+00
   2.3114723e+00
  -2.6515198e-01
  -3.0010451e+00
  -5.5976611e+00
  -7.6927520e+00
  -8.9563674e+00
  -9.1908533e+00
  -8.3986783e+00
  -6.7913469e+00
  -4.7341242e+00
  -2.6458414e+00
  -8.8950317e-01
   3.0950661e-01
   8.9458249e-01
   9.5627750e-01
   6.7403317e-01
   2.4647528e-01
  -1.6583680e-01
  -4.7025038e-01
  -6.4148480e-01
  -6.9835334e-01
  -6.7137047e-01
  -5.7521840e-01
  -3.9592638e-01
  -9.6217366e-02
   3.6436716e-01
   1.0035805e+00
   1.7961515e+00
   2.6679242e+00
   3.5071186e+00
   4.1884562e+00
   4.6014222e+00
   4.6735241e+00
   4.3825227e+00
   3.7562150e+00
   2.8623614e+00
   1.7937936e+00
   6.5422784e-01
  -4.5157604e-01
  -1.4235322e+00
  -2.1719083e+00
  -2.6281804e+00
  -2.7631438e+00
  -2.6079564e+00
  -2.2676178e+00
  -1.9147847e+00
  -1.7571821e+00
  -1.9825247e+00
  -2.6956609e+00
  -3.8682315e+00
  -5.3190827e+00
  -6.7351704e+00
  -7.7311073e+00
  -7.9345384e+00
  -7.0770397e+00
  -5.0678493e+00
  -2.0309656e+00
   1.7056015e+00
   5.6680810e+00
   9.3299726e+00
   1.2216877e+01
   1.3995404e+01
   1.4522323e+01
   1.3843085e+01
   1.2146442e+01
   9.6966408e+00
   6.7694841e+00
   3.6116927e+00
   4.2855972e-01
  -2.6088464e+00
  -5.3518461e+00
  -7.6696012e+00
  -9.4553743e+00
  -1.0639055e+01
  -1.1197711e+01
  -1.1157358e+01
  -1.0583954e+01
  -9.5668840e+00
  -8.2014952e+00
  -6.5771542e+00
  -4.7742149e+00
  -2.8685825e+00
  -9.3874984e-01
   9.3056644e-01
   2.6514229e+00
   4.1413586e+00
   5.3338371e+00
   6.1860302e+00
   6.6815474e+00
   6.8284241e+00
   6.6544295e+00
   6.2020437e+00
   5.5248599e+00
   4.6860981e+00
   3.7582189e+00
   2.8206836e+00
   1.9523815e+00
   1.2177248e+00
   6.5018614e-01
   2.4085591e-01
  -6.0811836e-02
  -3.3192970e-01
  -6.5136546e-01
  -1.0741185e+00
  -1.6136333e+00
  -2.2370366e+00
  -2.8735730e+00
  -3.4328155e+00
  -3.8270691e+00
  -3.9917810e+00
  -3.8988568e+00
  -3.5603172e+00
  -3.0227314e+00
  -2.3552694e+00
  -1.6354285e+00
  -9.3630048e-01
  -3.1772240e-01
   1.7859469e-01
   5.3163241e-01
   7.4303438e-01
   8.3835714e-01
   8.6513634e-01
   8.8445834e-01
   9.5469833e-01
   1.1104851e+00
   1.3445575e+00
   1.6018995e+00
   1.7923598e+00
   1.8205731e+00
   1.6237265e+00
   1.2026598e+00
   6.3266339e-01
   4.7218322e-02
  -4.0173534e-01
  -5.9367753e-01
  -4.8121097e-01
  -1.0754097e-01
   4.0723409e-01
   9.0586411e-01
   1.2447155e+00
   1.3371107e+00
   1.1747559e+00
   8.2194267e-01
   3.8736739e-01
  -1.4539543e-02
  -2.9906347e-01
  -4.3272620e-01
  -4.3597594e-01
  -3.6849414e-01
  -3.0372361e-01
  -3.0205133e-01
  -3.9189668e-01
  -5.6468890e-01
  -7.8429176e-01
  -1.0057872e+00
  -1.1949130e+00
  -1.3394658e+00
  -1.4478649e+00
  -1.5363440e+00
  -1.6120188e+00
  -1.6612489e+00
  -1.6498530e+00
  -1.5353170e+00
  -1.2848368e+00
  -8.9042470e-01
  -3.7444597e-01
   2.1588543e-01
   8.2144118e-01
   1.3853303e+00
   1.8626975e+00
   2.2236297e+00
   2.4502969e+00
   2.5319541e+00
   2.4617783e+00
   2.2379104e+00
   1.8685460e+00
   1.3786309e+00
   8.1442998e-01
   2.4236441e-01
  -2.5987052e-01
  -6.1913081e-01
  -7.8579768e-01
  -7.5001955e-01
  -5.4919025e-01
  -2.6274134e-01
   5.8776117e-03
   1.5592189e-01
   1.1740160e-01
  -1.2806195e-01
  -5.4048548e-01
  -1.0316131e+00
  -1.4890722e+00
  -1.8070483e+00
  -1.9138669e+00
  -1.7883198e+00
  -1.4607638e+00
  -1.0001987e+00
  -4.9279992e-01
  -1.9366042e-02
   3.6159733e-01
   6.2130248e-01
   7.5841230e-01
   7.8997263e-01
   7.4010061e-01
   6.3095678e-01
   4.7899771e-01
   2.9701621e-01
   9.9882209e-02
  -8.9797295e-02
  -2.3992931e-01
  -3.1325509e-01
  -2.7718373e-01
  -1.1595001e-01
   1.5955660e-01
   5.0860853e-01
   8.6635016e-01
   1.1575922e+00
   1.3149700e+00
   1.2960962e+00
   1.0945990e+00
   7.4195466e-01
   2.9988884e-01
  -1.5426920e-01
  -5.4527943e-01
  -8.1629129e-01
  -9.3985679e-01
  -9.2109761e-01
  -7.9248727e-01
  -6.0211855e-01
  -3.9936287e-01
  -2.2254611e-01
  -9.2194877e-02
  -1.0989557e-02
   3.1056594e-02
   4.9293132e-02
   5.8132541e-02
   6.7580625e-02
   8.2658715e-02
   1.0449825e-01
   1.3161570e-01
   1.6053168e-01
   1.8591526e-01
   2.0108598e-01
   1.9953555e-01
   1.7726598e-01
   1.3482058e-01
   7.7629942e-02
   1.4008470e-02
  -4.8528176e-02
  -1.0682485e-01
  -1.6357992e-01
  -2.2582268e-01
  -3.0099244e-01
  -3.9244233e-01
  -4.9640472e-01
  -6.0167653e-01
  -6.9200891e-01
  -7.5004289e-01
  -7.6109533e-01
  -7.1537108e-01
  -6.0812361e-01
  -4.3844267e-01
  -2.0811402e-01
   7.8052517e-02
   4.0991183e-01
   7.6848096e-01
   1.1231500e+00
   1.4318909e+00
   1.6461213e+00
   1.7202953e+00
   1.6241939e+00
   1.3540909e+00
   9.3843095e-01
   4.3495252e-01
  -8.0957620e-02
  -5.3358671e-01
  -8.6449398e-01
  -1.0447298e+00
  -1.0779904e+00
  -9.9438430e-01
  -8.3780921e-01
  -6.5187401e-01
  -4.6918049e-01
  -3.0687507e-01
  -1.6865061e-01
  -5.0991859e-02
   4.9721895e-02
   1.3234639e-01
   1.8999018e-01
   2.1274763e-01
   1.9252386e-01
   1.2773517e-01
   2.5981939e-02
  -9.6273569e-02
  -2.1685925e-01
  -3.1277775e-01
  -3.6526967e-01
  -3.6361511e-01
  -3.0680471e-01
  -2.0297385e-01
  -6.7157706e-02
   8.1724257e-02
   2.2379568e-01
   3.4059498e-01
   4.1694610e-01
   4.4273368e-01
   4.1489046e-01
   3.3932049e-01
   2.3174407e-01
   1.1614175e-01
   2.0025346e-02
  -3.2882535e-02
  -3.0429099e-02
   2.2718009e-02
   1.0485334e-01
   1.8275467e-01
   2.2133209e-01
   1.9410569e-01
   9.0984002e-02
  -7.8932425e-02
  -2.8982868e-01
  -5.0554326e-01
  -6.8761929e-01
  -8.0293798e-01
  -8.2950414e-01
  -7.5973105e-01
  -6.0112307e-01
  -3.7451147e-01
  -1.1014085e-01
   1.5783952e-01
   3.9751999e-01
   5.8472447e-01
   7.0661897e-01
   7.6270980e-01
   7.6322624e-01
   7.2546498e-01
   6.6900205e-01
   6.1085781e-01
   5.6175726e-01
   5.2441231e-01
   4.9418625e-01
   4.6173933e-01
   4.1658350e-01
   3.5015410e-01
   2.5724589e-01
   1.3550863e-01
  -1.6147263e-02
  -1.9858682e-01
  -4.1149531e-01
  -6.5031195e-01
  -9.0260780e-01
  -1.1463862e+00
  -1.3522619e+00
  -1.4896999e+00
  -1.5353661e+00
  -1.4802650e+00
  -1.3324361e+00
  -1.1135985e+00
  -8.5066073e-01
  -5.6539832e-01
  -2.6677377e-01
   5.0363947e-02
   3.9896096e-01
   7.8787295e-01
   1.2091656e+00
   1.6302569e+00
   1.9951234e+00
   2.2354646e+00
   2.2888203e+00
   2.1178162e+00
   1.7240873e+00
   1.1521756e+00
   4.8202290e-01
  -1.8774577e-01
  -7.6103939e-01
  -1.1645041e+00
  -1.3619388e+00
  -1.3598297e+00
  -1.2029716e+00
  -9.6126615e-01
  -7.1075300e-01
  -5.1345590e-01
  -4.0130910e-01
  -3.6888913e-01
  -3.7765012e-01
  -3.7102857e-01
  -2.9603397e-01
  -1.2423762e-01
   1.3525771e-01
   4.3580537e-01
   7.0658188e-01
   8.7491942e-01
   8.8993398e-01
   7.3934658e-01
   4.5386711e-01
   9.7894281e-02
  -2.5003593e-01
  -5.2030428e-01
  -6.7117692e-01
  -6.9789016e-01
  -6.2963549e-01
  -5.1625033e-01
  -4.0956032e-01
  -3.4567583e-01
  -3.3381689e-01
  -3.5477314e-01
  -3.6879173e-01
  -3.2970225e-01
  -2.0047683e-01
   3.4385345e-02
   3.6267623e-01
   7.4547644e-01
   1.1245775e+00
   1.4344076e+00
   1.6158108e+00
   1.6286716e+00
   1.4605510e+00
   1.1293691e+00
   6.7963303e-01
   1.7332897e-01
  -3.2213847e-01
  -7.4607985e-01
  -1.0542346e+00
  -1.2245880e+00
  -1.2589297e+00
  -1.1805081e+00
  -1.0283757e+00
  -8.4911741e-01
  -6.8699545e-01
  -5.7417091e-01
  -5.2322002e-01
  -5.2416172e-01
  -5.4732709e-01
  -5.5176838e-01
  -4.9712516e-01
  -3.5572221e-01
  -1.2162186e-01
   1.8577003e-01
   5.2460936e-01
   8.3959900e-01
   1.0750900e+00
   1.1890451e+00
   1.1640400e+00
   1.0120104e+00
   7.7111252e-01
   4.9544704e-01
   2.4071166e-01
   5.0197543e-02
  -5.4639240e-02
  -7.6469394e-02
  -3.7204817e-02
   3.1688138e-02
   9.9908937e-02
   1.4642983e-01
   1.6279202e-01
   1.5144022e-01
   1.2072811e-01
   7.9140098e-02
   3.1114033e-02
  -2.4187238e-02
  -9.1203105e-02
  -1.7457820e-01
  -2.7567285e-01
  -3.9037212e-01
  -5.0891316e-01
  -6.1767168e-01
  -7.0221649e-01
  -7.5062731e-01
  -7.5611759e-01
  -7.1829525e-01
  -6.4275427e-01
  -5.3905193e-01
  -4.1756847e-01
  -2.8628421e-01
  -1.4887556e-01
  -5.2689421e-03
   1.4529063e-01
   3.0003221e-01
   4.4955962e-01
   5.7779942e-01
   6.6561616e-01
   6.9709633e-01
   6.6628498e-01
   5.8173564e-01
   4.6668870e-01
   3.5392408e-01
   2.7612808e-01
   2.5455564e-01
   2.9010980e-01
   3.6082665e-01
   4.2774914e-01
   4.4788119e-01
   3.8977379e-01
   2.4585019e-01
   3.6605776e-02
  -1.9510682e-01
  -3.9773337e-01
  -5.2774311e-01
  -5.6356320e-01
  -5.1199841e-01
  -4.0512143e-01
  -2.8889934e-01
  -2.0757030e-01
  -1.8909838e-01
  -2.3649065e-01
  -3.2761891e-01
  -4.2327967e-01
  -4.8056335e-01
  -4.6703647e-01
  -3.7120152e-01
  -2.0610678e-01
  -5.2875823e-03
   1.8736324e-01
   3.3043688e-01
   3.9657930e-01
   3.7945051e-01
   2.9440099e-01
   1.7325447e-01
   5.5199646e-02
  -2.3574322e-02
  -3.9104828e-02
   1.4041192e-02
   1.2058663e-01
   2.4711862e-01
   3.4932231e-01
   3.8283687e-01
   3.1572530e-01
   1.3981106e-01
  -1.2216876e-01
  -4.1634841e-01
  -6.6613132e-01
  -7.8890568e-01
  -7.1816195e-01
  -4.2557303e-01
   6.3752781e-02
   6.6888287e-01
   1.2664662e+00
   1.7181277e+00
   1.9052052e+00
   1.7610377e+00
   1.2909506e+00
   5.7343943e-01
  -2.5823620e-01
  -1.0488624e+00
  -1.6591574e+00
  -1.9982491e+00
  -2.0420853e+00
  -1.8331701e+00
  -1.4622843e+00
  -1.0381609e+00
  -6.5490929e-01
  -3.6762322e-01
  -1.8336328e-01
  -6.8784883e-02
   3.0230941e-02
   1.6503393e-01
   3.6491548e-01
   6.2765348e-01
   9.2161833e-01
   1.1973327e+00
   1.4035523e+00
   1.5019082e+00
   1.4753433e+00
   1.3285934e+00
   1.0824106e+00
   7.6536501e-01
   4.0699343e-01
   3.4318577e-02
  -3.2839654e-01
  -6.5826615e-01
  -9.3272143e-01
  -1.1301030e+00
  -1.2321919e+00
  -1.2280197e+00
  -1.1177269e+00
  -9.1505601e-01
  -6.4723549e-01
  -3.5157675e-01
  -6.9068307e-02
   1.6364096e-01
   3.2170650e-01
   3.9680510e-01
   3.9770950e-01
   3.4666738e-01
   2.7283639e-01
   2.0474879e-01
   1.6373232e-01
   1.5962942e-01
   1.8943071e-01
   2.3883727e-01
   2.8633593e-01
   3.0901056e-01
   2.8891705e-01
   2.1847271e-01
   1.0323443e-01
  -3.8998270e-02
  -1.8261874e-01
  -3.0074862e-01
  -3.7173879e-01
  -3.8373583e-01
  -3.3635055e-01
  -2.3957544e-01
  -1.1088531e-01
   2.8308967e-02
   1.5592877e-01
   2.5180203e-01
   2.9966515e-01
   2.8904358e-01
   2.1736744e-01
   9.2105645e-02
  -6.8085061e-02
  -2.3464181e-01
  -3.7381353e-01
  -4.5442485e-01
  -4.5654633e-01
  -3.7784548e-01
  -2.3477519e-01
  -5.7636344e-02
   1.1890672e-01
   2.6629287e-01
   3.6946791e-01
   4.2846790e-01
   4.5395953e-01
   4.5917903e-01
   4.5223928e-01
   4.3239962e-01
   3.9180575e-01
   3.2148401e-01
   2.1837555e-01
   8.9828813e-02
  -4.6713161e-02
  -1.6880650e-01
  -2.5669166e-01
  -3.0031520e-01
  -3.0285856e-01
  -2.7946811e-01
  -2.5168635e-01
  -2.3953407e-01
  -2.5403059e-01
  -2.9297341e-01
  -3.4176231e-01
  -3.7903867e-01
  -3.8478040e-01
  -3.4746077e-01
  -2.6754066e-01
  -1.5642424e-01
  -3.1942935e-02
   8.7474656e-02
   1.8776014e-01
   2.6177419e-01
   3.0887957e-01
   3.3186832e-01
   3.3259964e-01
   3.0856503e-01
   2.5273214e-01
   1.5785320e-01
   2.4075162e-02
  -1.3374912e-01
  -2.8364249e-01
  -3.8214040e-01
  -3.8759165e-01
  -2.7665985e-01
  -5.7144888e-02
   2.2899400e-01
   5.1472146e-01
   7.2639581e-01
   8.0511535e-01
   7.2355031e-01
   4.9302673e-01
   1.5957423e-01
  -2.0851524e-01
  -5.3696099e-01
  -7.6108029e-01
  -8.3778076e-01
  -7.5276923e-01
  -5.2271099e-01
  -1.9227710e-01
   1.7383351e-01
   5.0318073e-01
   7.3034357e-01
   8.1115766e-01
   7.3283507e-01
   5.1683616e-01
   2.1307560e-01
  -1.1334112e-01
  -3.9908094e-01
  -5.9810888e-01
  -6.9118066e-01
  -6.8692351e-01
  -6.1499432e-01
  -5.1414725e-01
  -4.1915713e-01
  -3.5037471e-01
  -3.0858376e-01
  -2.7622944e-01
  -2.2438694e-01
  -1.2337610e-01
   4.6006432e-02
   2.8384576e-01
   5.6760240e-01
   8.5491879e-01
   1.0922323e+00
   1.2271624e+00
   1.2216395e+00
   1.0624484e+00
   7.6634892e-01
   3.7813920e-01
  -3.8248129e-02
  -4.1369674e-01
  -6.8950398e-01
  -8.3056359e-01
  -8.3254204e-01
  -7.2106888e-01
  -5.4330599e-01
  -3.5456449e-01
  -2.0403937e-01
  -1.2368166e-01
  -1.2280766e-01
  -1.8894825e-01
  -2.9359949e-01
  -4.0059954e-01
  -4.7489312e-01
  -4.9002509e-01
  -4.3331523e-01
  -3.0807970e-01
  -1.3260226e-01
   6.3950847e-02
   2.4780901e-01
   3.8764276e-01
   4.6084642e-01
   4.5793563e-01
   3.8453426e-01
   2.6082383e-01
   1.1843654e-01
  -5.1605493e-03
  -7.4381059e-02
  -6.4147399e-02
   3.2696875e-02
   2.0182277e-01
   4.0973184e-01
   6.1209321e-01
   7.6575907e-01
   8.4035754e-01
   8.2537516e-01
   7.3046459e-01
   5.7939604e-01
   4.0035970e-01
   2.1636924e-01
   3.9141377e-02
  -1.3163791e-01
  -3.0375001e-01
  -4.8459588e-01
  -6.7332434e-01
  -8.5631618e-01
  -1.0082547e+00
  -1.0989169e+00
  -1.1035318e+00
  -1.0129605e+00
  -8.3967866e-01
  -6.1673237e-01
  -3.8919574e-01
  -2.0046995e-01
  -7.8004127e-02
  -2.3684355e-02
  -1.2787664e-02
  -2.4401477e-03
   5.2947450e-02
   1.8444587e-01
   3.9558693e-01
   6.5828014e-01
   9.1945012e-01
   1.1165610e+00
   1.1970431e+00
   1.1350411e+00
   9.3960261e-01
   6.5140198e-01
   3.2930455e-01
   3.1825491e-02
  -1.9972112e-01
  -3.5052056e-01
  -4.3131259e-01
  -4.6859111e-01
  -4.9060834e-01
  -5.1498869e-01
  -5.4249726e-01
  -5.5864872e-01
  -5.4171530e-01
  -4.7347604e-01
  -3.4836074e-01
  -1.7750721e-01
   1.3727446e-02
   1.9374874e-01
   3.3501737e-01
   4.2260116e-01
   4.5776004e-01
   4.5545524e-01
   4.3704551e-01
   4.2106537e-01
   4.1542935e-01
   4.1375780e-01
   3.9709260e-01
   3.4044365e-01
   2.2187799e-01
   3.0892174e-02
  -2.2686885e-01
  -5.2990029e-01
  -8.4538463e-01
  -1.1356914e+00
  -1.3642950e+00
  -1.4996878e+00
  -1.5175253e+00
  -1.4023413e+00
  -1.1500628e+00
  -7.7134441e-01
  -2.9421166e-01
   2.3631801e-01
   7.6335992e-01
   1.2278161e+00
   1.5800676e+00
   1.7899125e+00
   1.8514014e+00
   1.7811768e+00
   1.6113378e+00
   1.3795917e+00
   1.1199158e+00
   8.5620082e-01
   5.9994232e-01
   3.5167592e-01
   1.0498408e-01
  -1.4838333e-01
  -4.1358711e-01
  -6.8893148e-01
  -9.6381910e-01
  -1.2187068e+00
  -1.4271767e+00
  -1.5600577e+00
  -1.5911524e+00
  -1.5035460e+00
  -1.2949485e+00
  -9.8040511e-01
  -5.9121108e-01
  -1.6997546e-01
   2.3687314e-01
   5.8688218e-01
   8.4742891e-01
   9.9844416e-01
   1.0322903e+00
   9.5207979e-01
   7.6979020e-01
   5.0488954e-01
   1.8340908e-01
  -1.6303768e-01
  -4.9880154e-01
  -7.8660499e-01
  -9.9090418e-01
  -1.0821573e+00
  -1.0417112e+00
  -8.6655053e-01
  -5.7260697e-01
  -1.9511677e-01
   2.1505096e-01
   5.9914978e-01
   9.0120593e-01
   1.0793324e+00
   1.1150100e+00
   1.0179532e+00
   8.2517989e-01
   5.9419068e-01
   3.9134240e-01
   2.7740168e-01
   2.9298608e-01
   4.4708038e-01
   7.1169275e-01
   1.0246529e+00
   1.3007262e+00
   1.4492391e+00
   1.3948108e+00
   1.0967793e+00
   5.6259670e-01
  -1.4890978e-01
  -9.3665052e-01
  -1.6778847e+00
  -2.2557261e+00
  -2.5860116e+00
  -2.6354643e+00
  -2.4256942e+00
  -2.0224913e+00
  -1.5149010e+00
  -9.9149293e-01
  -5.2108284e-01
  -1.4254202e-01
   1.3532590e-01
   3.2611632e-01
   4.5449216e-01
   5.4541705e-01
   6.1686354e-01
   6.7702408e-01
   7.2546867e-01
   7.5679994e-01
   7.6506190e-01
   7.4728061e-01
   7.0501776e-01
   6.4366850e-01
   5.7019848e-01
   4.9068415e-01
   4.0903414e-01
   3.2756292e-01
   2.4900032e-01
   1.7862959e-01
   1.2503325e-01
   9.8514767e-02
   1.0738276e-01
   1.5340841e-01
   2.2837186e-01
   3.1341717e-01
   3.8200188e-01
   4.0592641e-01
   3.6279091e-01
   2.4270171e-01
   5.2285888e-02
  -1.8513864e-01
  -4.3341557e-01
  -6.5071455e-01
  -7.9857559e-01
  -8.5085436e-01
  -8.0031831e-01
  -6.6088834e-01
  -4.6446680e-01
  -2.5282339e-01
  -6.6665001e-02
   6.4828164e-02
   1.3062987e-01
   1.3851414e-01
   1.0974629e-01
   7.0013712e-02
   3.9990415e-02
   2.8760582e-02
   3.2046782e-02
   3.5389929e-02
   2.0757741e-02
  -2.5941315e-02
  -1.0903435e-01
  -2.2078752e-01
  -3.4320035e-01
  -4.5307023e-01
  -5.2846169e-01
  -5.5439340e-01
  -5.2605823e-01
  -4.4894053e-01
  -3.3628789e-01
  -2.0507067e-01
  -7.1653080e-02
   5.1875005e-02
   1.6004330e-01
   2.5455713e-01
   3.4288054e-01
   4.3514689e-01
   5.4022753e-01
   6.6209080e-01
   7.9749756e-01
   9.3565301e-01
   1.0598756e+00
   1.1508736e+00
   1.1909184e+00
   1.1680186e+00
   1.0791447e+00
   9.3170245e-01
   7.4275410e-01
   5.3582998e-01
   3.3560771e-01
   1.6141748e-01
   2.1315328e-02
  -9.1133103e-02
  -1.9563702e-01
  -3.1909158e-01
  -4.8597269e-01
  -7.0829737e-01
  -9.7908039e-01
  -1.2724514e+00
  -1.5511435e+00
  -1.7788802e+00
  -1.9328378e+00
  -2.0110387e+00
  -2.0313172e+00
  -2.0215654e+00
  -2.0042970e+00
  -1.9812934e+00
  -1.9251909e+00
  -1.7832173e+00
  -1.4937432e+00
  -1.0105960e+00
  -3.2606238e-01
   5.1669221e-01
   1.4273888e+00
   2.2883210e+00
   2.9839052e+00
   3.4303864e+00
   3.5958678e+00
   3.5043704e+00
   3.2234021e+00
   2.8401703e+00
   2.4350095e+00
   2.0608173e+00
   1.7344388e+00
   1.4411312e+00
   1.1483937e+00
   8.2259319e-01
   4.4202879e-01
   2.8433086e-03
  -4.8212837e-01
  -9.8862470e-01
  -1.4864629e+00
  -1.9426255e+00
  -2.3218622e+00
  -2.5871868e+00
  -2.7033874e+00
  -2.6451016e+00
  -2.4078724e+00
  -2.0175931e+00
  -1.5327161e+00
  -1.0356251e+00
  -6.1407111e-01
  -3.3822882e-01
  -2.4112910e-01
  -3.0901940e-01
  -4.8470401e-01
  -6.8289879e-01
  -8.1322038e-01
  -8.0422039e-01
  -6.2152751e-01
  -2.7504899e-01
   1.8622540e-01
   6.8928599e-01
   1.1565474e+00
   1.5233022e+00
   1.7482875e+00
   1.8157133e+00
   1.7308044e+00
   1.5133947e+00
   1.1940547e+00
   8.1446305e-01
   4.2971606e-01
   1.0741041e-01
  -8.1385366e-02
  -8.0227873e-02
   1.3062224e-01
   5.1804285e-01
   9.9568716e-01
   1.4432403e+00
   1.7399429e+00
   1.8000404e+00
   1.5969611e+00
   1.1682023e+00
   6.0071834e-01
   3.1760063e-03
  -5.2532865e-01
  -9.2075001e-01
  -1.1672260e+00
  -1.2954097e+00
  -1.3677271e+00
  -1.4556068e+00
  -1.6154641e+00
  -1.8699375e+00
  -2.1988412e+00
  -2.5415138e+00
  -2.8097489e+00
  -2.9085515e+00
  -2.7603219e+00
  -2.3267589e+00
  -1.6224507e+00
  -7.1558025e-01
   2.8550088e-01
   1.2567488e+00
   2.0871288e+00
   2.7030250e+00
   3.0809256e+00
   3.2445036e+00
   3.2471625e+00
   3.1459989e+00
   2.9765080e+00
   2.7379348e+00
   2.3960065e+00
   1.9030428e+00
   1.2276002e+00
   3.8096880e-01
  -5.7113301e-01
  -1.5170537e+00
  -2.3252053e+00
  -2.8785461e+00
  -3.1059154e+00
  -3.0000598e+00
  -2.6170645e+00
  -2.0585128e+00
  -1.4435770e+00
  -8.8091117e-01
  -4.4847943e-01
  -1.8442763e-01
  -8.6947181e-02
  -1.1897251e-01
  -2.1528194e-01
  -2.9292330e-01
  -2.6749119e-01
  -7.5695323e-02
   3.0029842e-01
   8.1596551e-01
   1.3650120e+00
   1.8027833e+00
   1.9890149e+00
   1.8375119e+00
   1.3554482e+00
   6.5643617e-01
  -6.0878170e-02
  -5.6562645e-01
  -6.6463774e-01
  -2.6794271e-01
   5.7232725e-01
   1.6652765e+00
   2.7296888e+00
   3.4746269e+00
   3.6860916e+00
   3.2896073e+00
   2.3667192e+00
   1.1206824e+00
  -1.9451670e-01
  -1.3552860e+00
  -2.2316958e+00
  -2.8135901e+00
  -3.1944901e+00
  -3.5221153e+00
  -3.9334821e+00
  -4.4957130e+00
  -5.1715825e+00
  -5.8219009e+00
  -6.2455356e+00
  -6.2445708e+00
  -5.6916796e+00
  -4.5743622e+00
  -2.9986261e+00
  -1.1506198e+00
   7.6785761e-01
   2.6030732e+00
   4.2859908e+00
   5.8273478e+00
   7.2743524e+00
   8.6482125e+00
   9.8902813e+00
   1.0842836e+01
   1.1277979e+01
   1.0967768e+01
   9.7687515e+00
   7.6857970e+00
   4.8891495e+00
   1.6796268e+00
  -1.5822584e+00
  -4.5564636e+00
  -6.9874238e+00
  -8.7366098e+00
  -9.7814293e+00
  -1.0188790e+01
  -1.0076342e+01
  -9.5734611e+00
  -8.7903321e+00
  -7.7999304e+00
  -6.6348737e+00
  -5.2981602e+00
  -3.7835365e+00
  -2.0988326e+00
  -2.8531954e-01
   1.5721425e+00
   3.3469592e+00
   4.8852682e+00
   6.0314924e+00
   6.6606522e+00
   6.7097646e+00
   6.1985965e+00
   5.2315957e+00
   3.9785915e+00
   2.6395850e+00
   1.4047238e+00
   4.2119360e-01
  -2.2589021e-01
  -5.1808417e-01
  -4.9730806e-01
  -2.5223711e-01
   1.0078806e-01
   4.4076848e-01
   6.6530949e-01
   7.0841389e-01
   5.4793284e-01
   2.0187593e-01
  -2.8257324e-01
  -8.4143637e-01
  -1.4034431e+00
  -1.8961842e+00
  -2.2516187e+00
  -2.4140325e+00
  -2.3509767e+00
  -2.0640457e+00
  -1.5941315e+00
  -1.0166351e+00
  -4.2576550e-01
   8.8349010e-02
   4.6282792e-01
   6.7825082e-01
   7.6300374e-01
   7.8432076e-01
   8.2779057e-01
   9.6977769e-01
   1.2497940e+00
   1.6518683e+00
   2.1034330e+00
   2.4953912e+00
   2.7184662e+00
   2.7021727e+00
   2.4386303e+00
   1.9777092e+00
   1.3926777e+00
   7.3156805e-01
  -1.9702633e-02
  -9.3832672e-01
  -2.1216023e+00
  -3.6150709e+00
  -5.3451428e+00
  -7.0918849e+00
  -8.5216155e+00
  -9.2724250e+00
  -9.0621658e+00
  -7.7789095e+00
  -5.5217145e+00
  -2.5800387e+00
   6.3666601e-01
   3.6920248e+00
   6.2087365e+00
   7.9266085e+00
   8.7257300e+00
   8.6204025e+00
   7.7363036e+00
   6.2831425e+00
   4.5287791e+00
   2.7721125e+00
   1.3068701e+00
   3.7169884e-01
   9.3292433e-02
   4.4163392e-01
   1.2204050e+00
   2.1064010e+00
   2.7328089e+00
   2.7919886e+00
   2.1238090e+00
   7.6043999e-01
  -1.0848377e+00
  -3.0771030e+00
  -4.8453849e+00
  -6.0683077e+00
  -6.5390314e+00
  -6.1981874e+00
  -5.1326776e+00
  -3.5453762e+00
  -1.7059059e+00
   1.0451687e-01
   1.6414816e+00
   2.7300619e+00
   3.2786073e+00
   3.2759428e+00
   2.7775830e+00
   1.8874420e+00
   7.4038004e-01
  -5.1162307e-01
  -1.7099956e+00
  -2.6996839e+00
  -3.3427125e+00
  -3.5377479e+00
  -3.2443329e+00
  -2.5049551e+00
  -1.4537568e+00
  -3.0122362e-01
   7.0832972e-01
   1.3574104e+00
   1.5145363e+00
   1.1703343e+00
   4.3750882e-01
  -4.8364031e-01
  -1.3597343e+00
  -1.9799318e+00
  -2.1978677e+00
  -1.9531947e+00
  -1.2724410e+00
  -2.5206530e-01
   9.7117201e-01
   2.2541185e+00
   3.4744153e+00
   4.5416924e+00
   5.3907690e+00
   5.9644632e+00
   6.2000411e+00
   6.0321993e+00
   5.4163839e+00
   4.3635752e+00
   2.9685152e+00
   1.4132279e+00
  -6.3072728e-02
  -1.2225831e+00
  -1.8985234e+00
  -2.0522034e+00
  -1.7959621e+00
  -1.3697291e+00
  -1.0734110e+00
  -1.1731348e+00
  -1.8110585e+00
  -2.9503386e+00
  -4.3765879e+00
  -5.7579800e+00
  -6.7454819e+00
  -7.0804974e+00
  -6.6745044e+00
  -5.6346105e+00
  -4.2266794e+00
  -2.7877999e+00
  -1.6165120e+00
  -8.7777944e-01
  -5.5674532e-01
  -4.7925452e-01
  -3.9143002e-01
  -6.5126299e-02
   6.1653548e-01
   1.6307150e+00
   2.8524413e+00
   4.1325965e+00
   5.3687180e+00
   6.5256197e+00
   7.5930153e+00
   8.5068006e+00
   9.0869757e+00
   9.0427892e+00
   8.0642915e+00
   5.9734777e+00
   2.8694995e+00
  -8.0869909e-01
  -4.3526156e+00
  -6.9812406e+00
  -8.0976428e+00
  -7.5032023e+00
  -5.4792855e+00
  -2.6998465e+00
  -8.5646761e-03
   1.8519750e+00
   2.4571066e+00
   1.7893776e+00
   1.8215305e-01
  -1.8439466e+00
  -3.7779957e+00
  -5.2723184e+00
  -6.2023430e+00
  -6.6256492e+00
  -6.6751349e+00
  -6.4448925e+00
  -5.9235225e+00
  -5.0021225e+00
  -3.5476688e+00
  -1.5035826e+00
   1.0313501e+00
   3.7845730e+00
   6.3647502e+00
   8.3708893e+00
   9.5116105e+00
   9.6857243e+00
   8.9938370e+00
   7.6831104e+00
   6.0559770e+00
   4.3840676e+00
   2.8580058e+00
   1.5808947e+00
   5.9188958e-01
  -1.0353346e-01
  -5.1583219e-01
  -6.7256845e-01
  -6.3190699e-01
  -4.9497182e-01
  -4.0417818e-01
  -5.2062121e-01
  -9.8204142e-01
  -1.8514649e+00
  -3.0733034e+00
  -4.4561353e+00
  -5.6973319e+00
  -6.4535109e+00
  -6.4443267e+00
  -5.5597534e+00
  -3.9301002e+00
  -1.9222050e+00
  -4.8722993e-02
   1.1866870e+00
   1.4541132e+00
   7.0861685e-01
  -7.9591762e-01
  -2.5943723e+00
  -4.1629108e+00
  -5.0772124e+00
  -5.1207621e+00
  -4.3129248e+00
  -2.8605154e+00
  -1.0638592e+00
   7.8138000e-01
   2.4530945e+00
   3.8275745e+00
   4.8652766e+00
   5.5755100e+00
   5.9809042e+00
   6.0964911e+00
   5.9281074e+00
   5.4861203e+00
   4.8060375e+00
   3.9665697e+00
   3.0961177e+00
   2.3602116e+00
   1.9270770e+00
   1.9174040e+00
   2.3546397e+00
   3.1371249e+00
   4.0478976e+00
   4.8032377e+00
   5.1246346e+00
   4.8093528e+00
   3.7763000e+00
   2.0748872e+00
  -1.4058488e-01
  -2.6565186e+00
  -5.2466941e+00
  -7.7050084e+00
  -9.8584576e+00
  -1.1564481e+01
  -1.2703267e+01
  -1.3176124e+01
  -1.2915662e+01
  -1.1904980e+01
  -1.0195962e+01
  -7.9150902e+00
  -5.2499037e+00
  -2.4180447e+00
   3.7053936e-01
   2.9434655e+00
   5.1766208e+00
   6.9853243e+00
   8.3073754e+00
   9.0935417e+00
   9.3143208e+00
   8.9794613e+00
   8.1572947e+00
   6.9797404e+00
   5.6257681e+00
   4.2868614e+00
   3.1267899e+00
   2.2501876e+00
   1.6894606e+00
   1.4110938e+00
   1.3354427e+00
   1.3612055e+00
   1.3865812e+00
   1.3223059e+00
   1.0963485e+00
   6.5457324e-01
  -3.6285841e-02
  -9.7932458e-01
  -2.1336897e+00
  -3.4040188e+00
  -4.6426141e+00
  -5.6699721e+00
  -6.3115625e+00
  -6.4413362e+00
  -6.0188390e+00
  -5.1079333e+00
  -3.8698720e+00
  -2.5302595e+00
  -1.3267631e+00
  -4.5054395e-01
   2.5392874e-03
   5.6155644e-02
  -1.5561440e-01
  -4.2964404e-01
  -5.5548586e-01
  -3.7806269e-01
   1.5875282e-01
   1.0008283e+00
   2.0061014e+00
   2.9903114e+00
   3.7792540e+00
   4.2510457e+00
   4.3579272e+00
   4.1254431e+00
   3.6339654e+00
   2.9914016e+00
   2.3061691e+00
   1.6668878e+00
   1.1312655e+00
   7.2326893e-01
   4.3615620e-01
   2.3903779e-01
   8.5341596e-02
  -7.7471640e-02
  -2.9657991e-01
  -6.0062398e-01
  -9.8684935e-01
  -1.4142186e+00
  -1.8093061e+00
  -2.0879363e+00
  -2.1875017e+00
  -2.0970687e+00
  -1.8700697e+00
  -1.6102375e+00
  -1.4333268e+00
  -1.4191772e+00
  -1.5745638e+00
  -1.8240109e+00
  -2.0347540e+00
  -2.0680145e+00
  -1.8373137e+00
  -1.3501280e+00
  -7.1388432e-01
  -1.0027434e-01
   3.2095391e-01
   4.5306673e-01
   3.1806800e-01
   5.5804730e-02
  -1.2561050e-01
  -2.9472013e-02
   4.5096733e-01
   1.2857942e+00
   2.3117643e+00
   3.2846918e+00
   3.9613248e+00
   4.1800020e+00
   3.9104306e+00
   3.2559612e+00
   2.4108152e+00
   1.5911567e+00
   9.6622252e-01
   6.1244738e-01
   5.0267565e-01
   5.2932105e-01
   5.4962658e-01
   4.3590893e-01
   1.1445994e-01
  -4.1749492e-01
  -1.0989866e+00
  -1.8307119e+00
  -2.5075972e+00
  -3.0468498e+00
  -3.4034827e+00
  -3.5712196e+00
  -3.5721504e+00
  -3.4414360e+00
  -3.2131902e+00
  -2.9113614e+00
  -2.5466666e+00
  -2.1187035e+00
  -1.6215720e+00
  -1.0511874e+00
  -4.1246670e-01
   2.7541716e-01
   9.7737224e-01
   1.6453757e+00
   2.2259586e+00
   2.6705198e+00
   2.9456887e+00
   3.0407122e+00
   2.9694753e+00
   2.7660895e+00
   2.4748715e+00
   2.1376281e+00
   1.7826552e+00
   1.4197281e+00
   1.0433186e+00
   6.4305480e-01
   2.1745932e-01
  -2.1453625e-01
  -6.0940576e-01
  -9.0514344e-01
  -1.0373552e+00
  -9.6134660e-01
  -6.7326345e-01
  -2.2219952e-01
   2.9323565e-01
   7.4582406e-01
   1.0134571e+00
   1.0148618e+00
   7.3413790e-01
   2.2436777e-01
  -4.1108305e-01
  -1.0517596e+00
  -1.5946651e+00
  -1.9779470e+00
  -2.1874305e+00
  -2.2471021e+00
  -2.2001113e+00
  -2.0887571e+00
  -1.9404408e+00
  -1.7630194e+00
  -1.5490399e+00
  -1.2853931e+00
  -9.6375822e-01
  -5.8781858e-01
  -1.7507884e-01
   2.4662740e-01
   6.4602693e-01
   9.9600420e-01
   1.2795097e+00
   1.4922540e+00
   1.6415960e+00
   1.7419095e+00
   1.8076434e+00
   1.8462378e+00
   1.8535754e+00
   1.8142068e+00
   1.7069765e+00
   1.5143798e+00
   1.2320536e+00
   8.7439085e-01
   4.7377000e-01
   7.3575581e-02
  -2.8232059e-01
  -5.5982708e-01
  -7.4146720e-01
  -8.2838914e-01
  -8.3799290e-01
  -7.9851708e-01
  -7.4182536e-01
  -6.9534709e-01
  -6.7448599e-01
  -6.7767236e-01
  -6.8647727e-01
  -6.7185848e-01
  -6.0500517e-01
  -4.6894862e-01
  -2.6658553e-01
  -2.2248300e-02
   2.2353265e-01
   4.2415728e-01
   5.3877106e-01
   5.4239029e-01
   4.3169558e-01
   2.2516589e-01
  -4.2251749e-02
  -3.2831985e-01
  -5.9381027e-01
  -8.1066512e-01
  -9.6523197e-01
  -1.0555751e+00
  -1.0845201e+00
  -1.0522562e+00
  -9.5259095e-01
  -7.7503009e-01
  -5.1187882e-01
  -1.6712373e-01
   2.3704649e-01
   6.5945212e-01
   1.0461584e+00
   1.3423489e+00
   1.5061575e+00
   1.5198250e+00
   1.3943539e+00
   1.1660853e+00
   8.8641929e-01
   6.0813918e-01
   3.7268651e-01
   2.0208315e-01
   9.7412489e-02
   4.3546116e-02
   1.7839934e-02
  -5.8713825e-04
  -2.4277212e-02
  -5.5567607e-02
  -8.9490351e-02
  -1.1962537e-01
  -1.4400995e-01
  -1.6830582e-01
  -2.0467659e-01
  -2.6672334e-01
  -3.6257353e-01
  -4.8910802e-01
  -6.3000048e-01
  -7.5883558e-01
  -8.4657976e-01
  -8.7088175e-01
  -8.2382290e-01
  -7.1517683e-01
  -5.6979226e-01
  -4.1979500e-01
  -2.9417160e-01
  -2.0928955e-01
  -1.6365414e-01
  -1.3877577e-01
  -1.0594004e-01
  -3.6678991e-02
   8.6510566e-02
   2.6279791e-01
   4.7158787e-01
   6.7772767e-01
   8.4184047e-01
   9.3249495e-01
   9.3620882e-01
   8.6189679e-01
   7.3812611e-01
   6.0389784e-01
   4.9589224e-01
   4.3643834e-01
   4.2634176e-01
   4.4505200e-01
   4.5803750e-01
   4.2871664e-01
   3.3086693e-01
   1.5751875e-01
  -7.6305227e-02
  -3.3759146e-01
  -5.8455465e-01
  -7.7802412e-01
  -8.9151345e-01
  -9.1724326e-01
  -8.6689100e-01
  -7.6741907e-01
  -6.5346268e-01
  -5.5827659e-01
  -5.0527894e-01
  -5.0200043e-01
  -5.3781565e-01
  -5.8615034e-01
  -6.1093305e-01
  -5.7605673e-01
  -4.5577064e-01
  -2.4344525e-01
   4.3814971e-02
   3.6657959e-01
   6.7104705e-01
   9.0219016e-01
   1.0188111e+00
   1.0060114e+00
   8.8076286e-01
   6.8806547e-01
   4.8818634e-01
   3.3864382e-01
   2.7669403e-01
   3.0815250e-01
   4.0631316e-01
   5.2126657e-01
   5.9638601e-01
   5.8644955e-01
   4.7160341e-01
   2.6312222e-01
  -2.1006062e-04
