   6.4506364e-05
  -4.6287722e-02
  -9.1974040e-02
  -1.3549851e-01
  -1.7402205e-01
  -2.0366177e-01
  -2.2059192e-01
  -2.2245953e-01
  -2.0944713e-01
  -1.8442189e-01
  -1.5198679e-01
  -1.1675312e-01
  -8.1555629e-02
  -4.6429441e-02
  -8.8862516e-03
   3.4527330e-02
   8.5987467e-02
   1.4440649e-01
   2.0458991e-01
   2.5799868e-01
   2.9495233e-01
   3.0753932e-01
   2.9221101e-01
   2.5112522e-01
   1.9173074e-01
   1.2469704e-01
   6.0881650e-02
   8.3760703e-03
  -2.9356403e-02
  -5.3649072e-02
  -6.9162513e-02
  -8.1476358e-02
  -9.4777063e-02
  -1.1054665e-01
  -1.2764474e-01
  -1.4355152e-01
  -1.5608820e-01
  -1.6480978e-01
  -1.7147037e-01
  -1.7937266e-01
  -1.9185277e-01
  -2.1046053e-01
  -2.3348817e-01
  -2.5538840e-01
  -2.6736895e-01
  -2.5912931e-01
  -2.2138516e-01
  -1.4857673e-01
  -4.1045354e-02
   9.3966966e-02
   2.4287858e-01
   3.8786545e-01
   5.1002160e-01
   5.9278074e-01
   6.2472710e-01
   6.0114688e-01
   5.2410222e-01
   4.0128903e-01
   2.4429022e-01
   6.6907836e-02
  -1.1598778e-01
  -2.8908988e-01
  -4.3715425e-01
  -5.4588287e-01
  -6.0351387e-01
  -6.0300063e-01
  -5.4418725e-01
  -4.3510622e-01
  -2.9158824e-01
  -1.3479415e-01
   1.3060610e-02
   1.3380441e-01
   2.1772201e-01
   2.6570498e-01
   2.8812520e-01
   3.0050852e-01
   3.1730524e-01
   3.4588158e-01
   3.8291983e-01
   4.1465890e-01
   4.2110122e-01
   3.8292400e-01
   2.8884528e-01
   1.4093837e-01
  -4.4037350e-02
  -2.3796421e-01
  -4.0846269e-01
  -5.2752229e-01
  -5.7883357e-01
  -5.6142608e-01
  -4.8856207e-01
  -3.8255709e-01
  -2.6758665e-01
  -1.6304966e-01
  -7.9561707e-02
  -1.8445661e-02
   2.5767310e-02
   6.1268547e-02
   9.5022677e-02
   1.3020921e-01
   1.6557078e-01
   1.9647140e-01
   2.1702208e-01
   2.2247407e-01
   2.1113581e-01
   1.8527521e-01
   1.5078169e-01
   1.1571739e-01
   8.8185480e-02
   7.4101239e-02
   7.5441822e-02
   8.9407507e-02
   1.0871260e-01
   1.2300186e-01
   1.2119377e-01
   9.4385945e-02
   3.8805547e-02
  -4.1855208e-02
  -1.3547176e-01
  -2.2258438e-01
  -2.7991773e-01
  -2.8600305e-01
  -2.2769966e-01
  -1.0567158e-01
   6.3283757e-02
   2.4845758e-01
   4.1194688e-01
   5.1809986e-01
   5.4268309e-01
   4.7861966e-01
   3.3630989e-01
   1.3862203e-01
  -8.7239042e-02
  -3.1756573e-01
  -5.3652848e-01
  -7.3559897e-01
  -9.0883398e-01
  -1.0467983e+00
  -1.1326071e+00
  -1.1426682e+00
  -1.0525841e+00
  -8.4629512e-01
  -5.2498417e-01
  -1.1217729e-01
   3.4723435e-01
   7.9428527e-01
   1.1677443e+00
   1.4172136e+00
   1.5138578e+00
   1.4558266e+00
   1.2670644e+00
   9.9014804e-01
   6.7542225e-01
   3.6957134e-01
   1.0668977e-01
  -9.6056114e-02
  -2.3763757e-01
  -3.2832559e-01
  -3.8302490e-01
  -4.1528700e-01
  -4.3388367e-01
  -4.4256262e-01
  -4.4224017e-01
  -4.3397060e-01
  -4.2091354e-01
  -4.0818726e-01
  -4.0061569e-01
  -3.9945802e-01
  -3.9980295e-01
  -3.9017173e-01
  -3.5505604e-01
  -2.7994475e-01
  -1.5732828e-01
   8.3940891e-03
   1.9905118e-01
   3.8504055e-01
   5.3177381e-01
   6.0870434e-01
   5.9825970e-01
   5.0162081e-01
   3.3905048e-01
   1.4431021e-01
  -4.5016770e-02
  -1.9777084e-01
  -2.9626521e-01
  -3.3783309e-01
  -3.3106274e-01
  -2.8920397e-01
  -2.2417674e-01
  -1.4380156e-01
  -5.2819915e-02
   4.3893741e-02
   1.3867930e-01
   2.2129150e-01
   2.8238634e-01
   3.1840571e-01
   3.3451828e-01
   3.4275453e-01
   3.5496088e-01
   3.7346175e-01
   3.8443999e-01
   3.5860752e-01
   2.6071374e-01
   6.5185356e-02
  -2.2826395e-01
  -5.8613549e-01
  -9.4459133e-01
  -1.2250685e+00
  -1.3572451e+00
  -1.3012514e+00
  -1.0609560e+00
  -6.8344593e-01
  -2.4504849e-01
   1.7086460e-01
   4.9655585e-01
   6.9601308e-01
   7.7045625e-01
   7.5310171e-01
   6.9606455e-01
   6.5373733e-01
   6.6696374e-01
   7.5144892e-01
   8.9270945e-01
   1.0486872e+00
   1.1598193e+00
   1.1647718e+00
   1.0183914e+00
   7.0719022e-01
   2.5748949e-01
  -2.6722636e-01
  -7.8015310e-01
  -1.1928004e+00
  -1.4379590e+00
  -1.4866921e+00
  -1.3539431e+00
  -1.0913450e+00
  -7.7028513e-01
  -4.6139276e-01
  -2.1721585e-01
  -6.2937936e-02
   3.3809747e-03
   2.9246212e-03
  -3.5307100e-02
  -8.4904018e-02
  -1.2807085e-01
  -1.5622479e-01
  -1.6653087e-01
  -1.5721201e-01
  -1.2444840e-01
  -6.2391811e-02
   3.3926041e-02
   1.6435358e-01
   3.2006598e-01
   4.8233813e-01
   6.2448089e-01
   7.1690487e-01
   7.3439193e-01
   6.6379173e-01
   5.0981759e-01
   2.9674755e-01
   6.4756746e-02
  -1.3881570e-01
  -2.7114137e-01
  -3.0508492e-01
  -2.3639301e-01
  -8.4668508e-02
   1.1203451e-01
   3.0711760e-01
   4.5665772e-01
   5.2865479e-01
   5.0812517e-01
   3.9760590e-01
   2.1423235e-01
  -1.4682455e-02
  -2.5597300e-01
  -4.7432506e-01
  -6.3585022e-01
  -7.1233516e-01
  -6.8640814e-01
  -5.5676434e-01
  -3.4161439e-01
  -7.8310164e-02
   1.8208332e-01
   3.8489510e-01
   4.8445287e-01
   4.5572979e-01
   3.0144923e-01
   5.2256237e-02
  -2.4031538e-01
  -5.1609872e-01
  -7.2022969e-01
  -8.1487797e-01
  -7.8583181e-01
  -6.4282120e-01
  -4.1444706e-01
  -1.3997782e-01
   1.3935243e-01
   3.8748623e-01
   5.7810092e-01
   6.9648350e-01
   7.3918208e-01
   7.1215421e-01
   6.2816080e-01
   5.0392899e-01
   3.5730232e-01
   2.0454630e-01
   5.8205269e-02
  -7.3941950e-02
  -1.8847617e-01
  -2.8462490e-01
  -3.6192152e-01
  -4.1821280e-01
  -4.4890086e-01
  -4.4786229e-01
  -4.0982167e-01
  -3.3329929e-01
  -2.2291136e-01
  -8.9966300e-02
   4.9092348e-02
   1.7606242e-01
   2.7519169e-01
   3.3692002e-01
   3.5995737e-01
   3.5098149e-01
   3.2198218e-01
   2.8606805e-01
   2.5311813e-01
   2.2677643e-01
   2.0386107e-01
   1.7639629e-01
   1.3547945e-01
   7.5481000e-02
  -3.0309076e-03
  -9.2708159e-02
  -1.8133922e-01
  -2.5553580e-01
  -3.0489118e-01
  -3.2518186e-01
  -3.1950433e-01
  -2.9692205e-01
  -2.6904986e-01
  -2.4574803e-01
  -2.3145908e-01
  -2.2352335e-01
  -2.1307623e-01
  -1.8815134e-01
  -1.3784828e-01
  -5.6219287e-02
   5.5145390e-02
   1.8634342e-01
   3.2031450e-01
   4.3578452e-01
   5.1158683e-01
   5.3155762e-01
   4.8879786e-01
   3.8793821e-01
   2.4440336e-01
   8.0593312e-02
  -7.9922209e-02
  -2.1822486e-01
  -3.2382949e-01
  -3.9517079e-01
  -4.3686173e-01
  -4.5505938e-01
  -4.5298765e-01
  -4.2857133e-01
  -3.7527765e-01
  -2.8594224e-01
  -1.5805126e-01
   1.8134047e-03
   1.7650472e-01
   3.4085373e-01
   4.6764156e-01
   5.3499912e-01
   5.3264813e-01
   4.6484090e-01
   3.4905792e-01
   2.1097904e-01
   7.7440986e-02
  -3.0351092e-02
  -1.0133370e-01
  -1.3568845e-01
  -1.4257600e-01
  -1.3554452e-01
  -1.2722705e-01
  -1.2499667e-01
  -1.2885223e-01
  -1.3208921e-01
  -1.2443967e-01
  -9.6563788e-02
  -4.4300865e-02
   2.8870184e-02
   1.1212013e-01
   1.9029010e-01
   2.4858426e-01
   2.7718118e-01
   2.7399205e-01
   2.4451627e-01
   1.9892498e-01
   1.4762072e-01
   9.7075492e-02
   4.7537557e-02
  -6.6084778e-03
  -7.4058690e-02
  -1.6245283e-01
  -2.7435839e-01
  -4.0474142e-01
  -5.4075714e-01
  -6.6395271e-01
  -7.5427165e-01
  -7.9476601e-01
  -7.7572385e-01
  -6.9700299e-01
  -5.6775323e-01
  -4.0345181e-01
  -2.2115599e-01
  -3.4695941e-02
   1.4830424e-01
   3.2639238e-01
   5.0133812e-01
   6.7362006e-01
   8.3837245e-01
   9.8364427e-01
   1.0919111e+00
   1.1444760e+00
   1.1271936e+00
   1.0353545e+00
   8.7586616e-01
   6.6596055e-01
   4.2902579e-01
   1.8916696e-01
  -3.3640673e-02
  -2.2642747e-01
  -3.8365076e-01
  -5.0557264e-01
  -5.9559740e-01
  -6.5773796e-01
  -6.9513148e-01
  -7.0995007e-01
  -7.0434903e-01
  -6.8157191e-01
  -6.4629331e-01
  -6.0379060e-01
  -5.5829590e-01
  -5.1140890e-01
  -4.6144228e-01
  -4.0407622e-01
  -3.3403611e-01
  -2.4703638e-01
  -1.4119416e-01
  -1.7521785e-02
   1.2029370e-01
   2.6621586e-01
   4.1175588e-01
   5.4541322e-01
   6.5224735e-01
   7.1452095e-01
   7.1421472e-01
   6.3756244e-01
   4.8078041e-01
   2.5522950e-01
  -1.0214575e-02
  -2.7144959e-01
  -4.7672162e-01
  -5.7830102e-01
  -5.4532027e-01
  -3.7388420e-01
  -9.0952191e-02
   2.4975580e-01
   5.7905523e-01
   8.2773313e-01
   9.4194761e-01
   8.9481133e-01
   6.9186227e-01
   3.6985619e-01
  -1.0374937e-02
  -3.7554578e-01
  -6.5419956e-01
  -7.9141136e-01
  -7.6109682e-01
  -5.7272988e-01
  -2.6980123e-01
   8.0689450e-02
   4.0537083e-01
   6.4318481e-01
   7.5962177e-01
   7.5202129e-01
   6.4476143e-01
   4.7684639e-01
   2.8691341e-01
   1.0105276e-01
  -7.2849561e-02
  -2.4332556e-01
  -4.2781558e-01
  -6.4267342e-01
  -8.9403543e-01
  -1.1720104e+00
  -1.4493859e+00
  -1.6848655e+00
  -1.8299813e+00
  -1.8384485e+00
  -1.6767953e+00
  -1.3350873e+00
  -8.3572821e-01
  -2.3682253e-01
   3.7394255e-01
   8.9675601e-01
   1.2456452e+00
   1.3752795e+00
   1.2987904e+00
   1.0886515e+00
   8.5803317e-01
   7.2701454e-01
   7.8401277e-01
   1.0553301e+00
   1.4934937e+00
   1.9887336e+00
   2.4000396e+00
   2.5958437e+00
   2.4916202e+00
   2.0730070e+00
   1.3976916e+00
   5.7597738e-01
  -2.6303039e-01
  -1.0076535e+00
  -1.5896405e+00
  -1.9917592e+00
  -2.2365869e+00
  -2.3635972e+00
  -2.4055395e+00
  -2.3739849e+00
  -2.2587548e+00
  -2.0394626e+00
  -1.7025913e+00
  -1.2561224e+00
  -7.3563644e-01
  -1.9974295e-01
   2.8306328e-01
   6.5108304e-01
   8.6397154e-01
   9.1108843e-01
   8.1220155e-01
   6.1149839e-01
   3.6719809e-01
   1.3930960e-01
  -2.2228895e-02
  -8.7051361e-02
  -4.9581046e-02
   7.1630116e-02
   2.4080983e-01
   4.1642614e-01
   5.6354563e-01
   6.6280837e-01
   7.1301691e-01
   7.2698304e-01
   7.2299297e-01
   7.1577781e-01
   7.1063155e-01
   7.0257508e-01
   6.8012317e-01
   6.3137450e-01
   5.4959215e-01
   4.3620045e-01
   3.0051766e-01
   1.5676821e-01
   1.9591420e-02
  -1.0055390e-01
  -2.0079288e-01
  -2.8699901e-01
  -3.7207615e-01
  -4.7138207e-01
  -5.9626328e-01
  -7.4763554e-01
  -9.1205545e-01
  -1.0623496e+00
  -1.1634934e+00
  -1.1824778e+00
  -1.0991827e+00
  -9.1455940e-01
  -6.5301633e-01
  -3.5762961e-01
  -7.9139718e-02
   1.3805785e-01
   2.6841285e-01
   3.1196584e-01
   2.9297196e-01
   2.5082438e-01
   2.2633362e-01
   2.4798383e-01
   3.2279774e-01
   4.3490854e-01
   5.5232900e-01
   6.3952523e-01
   6.7120254e-01
   6.4209775e-01
   5.6898588e-01
   4.8409860e-01
   4.2246332e-01
   4.0794747e-01
   4.4322618e-01
   5.0741413e-01
   5.6227172e-01
   5.6475716e-01
   4.8145999e-01
   2.9995161e-01
   3.3380729e-02
  -2.8289837e-01
  -6.0117578e-01
  -8.7419564e-01
  -1.0667195e+00
  -1.1624724e+00
  -1.1650254e+00
  -1.0933012e+00
  -9.7390603e-01
  -8.3298988e-01
  -6.8995035e-01
  -5.5439004e-01
  -4.2664650e-01
  -3.0112161e-01
  -1.7075866e-01
  -3.0778980e-02
   1.1951048e-01
   2.7678373e-01
   4.3469840e-01
   5.8491541e-01
   7.1786635e-01
   8.2359644e-01
   8.9312311e-01
   9.2043056e-01
   9.0477085e-01
   8.5258059e-01
   7.7812041e-01
   7.0196387e-01
   6.4683974e-01
   6.3115791e-01
   6.6169953e-01
   7.2798459e-01
   8.0109066e-01
   8.3870466e-01
   7.9606630e-01
   6.3999414e-01
   3.6142744e-01
  -1.8309390e-02
  -4.5073579e-01
  -8.7309994e-01
  -1.2273812e+00
  -1.4788086e+00
  -1.6264475e+00
  -1.7008895e+00
  -1.7493550e+00
  -1.8140964e+00
  -1.9128476e+00
  -2.0288409e+00
  -2.1137716e+00
  -2.1024543e+00
  -1.9345063e+00
  -1.5766174e+00
  -1.0386434e+00
  -3.7799004e-01
   3.1027107e-01
   9.1586409e-01
   1.3424804e+00
   1.5353346e+00
   1.4990044e+00
   1.3001314e+00
   1.0536064e+00
   8.9506008e-01
   9.4596518e-01
   1.2798027e+00
   1.8980383e+00
   2.7228104e+00
   3.6094211e+00
   4.3766311e+00
   4.8475588e+00
   4.8902454e+00
   4.4463510e+00
   3.5399493e+00
   2.2652468e+00
   7.5947364e-01
  -8.2830363e-01
  -2.3620471e+00
  -3.7313653e+00
  -4.8520993e+00
  -5.6601784e+00
  -6.1060742e+00
  -6.1555193e+00
  -5.7978085e+00
  -5.0580468e+00
  -4.0064677e+00
  -2.7579772e+00
  -1.4584594e+00
  -2.5959524e-01
   7.1121292e-01
   1.3766635e+00
   1.7227484e+00
   1.7949580e+00
   1.6790169e+00
   1.4730797e+00
   1.2609955e+00
   1.0951027e+00
   9.9269541e-01
   9.4478376e-01
   9.3137671e-01
   9.3589853e-01
   9.5294530e-01
   9.8744900e-01
   1.0475136e+00
   1.1357312e+00
   1.2436504e+00
   1.3516893e+00
   1.4337309e+00
   1.4636189e+00
   1.4206671e+00
   1.2927548e+00
   1.0773736e+00
   7.8194032e-01
   4.2438307e-01
   3.3889172e-02
  -3.4938297e-01
  -6.7719594e-01
  -8.9974458e-01
  -9.7555617e-01
  -8.8300767e-01
  -6.3029198e-01
  -2.5999421e-01
   1.5488185e-01
   5.2431460e-01
   7.6163201e-01
   8.0530869e-01
   6.3532347e-01
   2.7839620e-01
  -2.0024261e-01
  -7.1664253e-01
  -1.1937585e+00
  -1.5848254e+00
  -1.8862556e+00
  -2.1344379e+00
  -2.3860309e+00
  -2.6877526e+00
  -3.0467309e+00
  -3.4135802e+00
  -3.6864007e+00
  -3.7362509e+00
  -3.4464631e+00
  -2.7527386e+00
  -1.6703407e+00
  -2.9914212e-01
   1.1950698e+00
   2.6169685e+00
   3.7850060e+00
   4.5703426e+00
   4.9225977e+00
   4.8773843e+00
   4.5441898e+00
   4.0765398e+00
   3.6301174e+00
   3.3184939e+00
   3.1787694e+00
   3.1585959e+00
   3.1307898e+00
   2.9333159e+00
   2.4237519e+00
   1.5315523e+00
   2.9063137e-01
  -1.1601940e+00
  -2.6111904e+00
  -3.8399285e+00
  -4.6737871e+00
  -5.0346997e+00
  -4.9511641e+00
  -4.5355019e+00
  -3.9373075e+00
  -3.2917853e+00
  -2.6818415e+00
  -2.1260619e+00
  -1.5940255e+00
  -1.0399090e+00
  -4.3899324e-01
   1.8826791e-01
   7.7397387e-01
   1.2225776e+00
   1.4445779e+00
   1.3911423e+00
   1.0769886e+00
   5.8356234e-01
   4.1489040e-02
  -4.0217287e-01
  -6.2209519e-01
  -5.4727132e-01
  -1.7881031e-01
   4.1212125e-01
   1.1055971e+00
   1.7670578e+00
   2.2836731e+00
   2.5914233e+00
   2.6843967e+00
   2.6039212e+00
   2.4122392e+00
   2.1610319e+00
   1.8673138e+00
   1.5070139e+00
   1.0301670e+00
   3.9291566e-01
  -4.0613821e-01
  -1.3008163e+00
  -2.1559202e+00
  -2.7935161e+00
  -3.0406898e+00
  -2.7842223e+00
  -2.0143780e+00
  -8.4279315e-01
   5.1276825e-01
   1.7739285e+00
   2.6654611e+00
   2.9799055e+00
   2.6256234e+00
   1.6461668e+00
   2.0755865e-01
  -1.4407739e+00
  -3.0192638e+00
  -4.2716678e+00
  -5.0073213e+00
  -5.1260430e+00
  -4.6250491e+00
  -3.5909932e+00
  -2.1814189e+00
  -5.9911051e-01
   9.3840993e-01
   2.2320684e+00
   3.1333140e+00
   3.5689768e+00
   3.5518615e+00
   3.1722291e+00
   2.5707373e+00
   1.9000545e+00
   1.2870778e+00
   8.0784376e-01
   4.8229114e-01
   2.8803095e-01
   1.8483669e-01
   1.3811158e-01
   1.3154807e-01
   1.6530286e-01
   2.4305574e-01
   3.5600566e-01
   4.7251146e-01
   5.3910390e-01
   4.9365905e-01
   2.8654025e-01
  -9.7908699e-02
  -6.2786612e-01
  -1.2245110e+00
  -1.7777190e+00
  -2.1728800e+00
  -2.3208592e+00
  -2.1820656e+00
  -1.7775542e+00
  -1.1841735e+00
  -5.1544324e-01
   1.0633445e-01
   5.7911868e-01
   8.4362111e-01
   8.9347037e-01
   7.7091235e-01
   5.5027179e-01
   3.1496268e-01
   1.3525791e-01
   5.2914655e-02
   7.5791296e-02
   1.8210301e-01
   3.3126716e-01
   4.7718786e-01
   5.8030945e-01
   6.1609474e-01
   5.7888875e-01
   4.8105113e-01
   3.4795647e-01
   2.1017738e-01
   9.4787060e-02
   1.7994645e-02
  -1.8917786e-02
  -2.9166744e-02
  -3.5519643e-02
  -6.2052089e-02
  -1.2487351e-01
  -2.2468879e-01
  -3.4399910e-01
  -4.5071498e-01
  -5.0791060e-01
  -4.8698100e-01
  -3.7968120e-01
  -2.0440132e-01
  -3.8054157e-03
   1.6602024e-01
   2.5173791e-01
   2.1924344e-01
   6.5426428e-02
  -1.7826264e-01
  -4.5149374e-01
  -6.7867553e-01
  -7.8745567e-01
  -7.2797193e-01
  -4.8807263e-01
  -9.9702276e-02
   3.6683631e-01
   8.2038588e-01
   1.1731348e+00
   1.3631985e+00
   1.3676849e+00
   1.2025368e+00
   9.1122621e-01
   5.4865428e-01
   1.6731747e-01
  -1.8997586e-01
  -4.9086685e-01
  -7.1104212e-01
  -8.3271562e-01
  -8.4617680e-01
  -7.5367954e-01
  -5.7287707e-01
  -3.3684288e-01
  -8.9285578e-02
   1.2416169e-01
   2.6589325e-01
   3.1425329e-01
   2.6689480e-01
   1.3869290e-01
  -4.4714441e-02
  -2.5506332e-01
  -4.6795921e-01
  -6.6524645e-01
  -8.3283462e-01
  -9.5588646e-01
  -1.0147244e+00
  -9.8472224e-01
  -8.4176936e-01
  -5.7220175e-01
  -1.8348586e-01
   2.8929732e-01
   7.8516372e-01
   1.2281602e+00
   1.5448360e+00
   1.6828183e+00
   1.6244650e+00
   1.3912478e+00
   1.0376841e+00
   6.3704512e-01
   2.6347824e-01
  -2.4214560e-02
  -1.9314852e-01
  -2.3964122e-01
  -1.8591785e-01
  -7.2389990e-02
   5.2031272e-02
   1.3959125e-01
   1.5200666e-01
   6.6689858e-02
  -1.1952330e-01
  -3.8937417e-01
  -7.0704206e-01
  -1.0228681e+00
  -1.2807244e+00
  -1.4274450e+00
  -1.4231899e+00
  -1.2509586e+00
  -9.2296732e-01
  -4.8161517e-01
   6.3939127e-03
   4.6246963e-01
   8.1257472e-01
   1.0034085e+00
   1.0137557e+00
   8.5791764e-01
   5.8076160e-01
   2.4642430e-01
  -7.5913848e-02
  -3.2568243e-01
  -4.6128978e-01
  -4.6562976e-01
  -3.4636465e-01
  -1.3177472e-01
   1.3622427e-01
   4.1014306e-01
   6.4474934e-01
   8.0386320e-01
   8.6544804e-01
   8.2422627e-01
   6.9120778e-01
   4.9016918e-01
   2.5197378e-01
   8.2005413e-03
  -2.1439098e-01
  -3.9742959e-01
  -5.3204199e-01
  -6.1764787e-01
  -6.5906669e-01
  -6.6286608e-01
  -6.3405975e-01
  -5.7427135e-01
  -4.8214815e-01
  -3.5602755e-01
  -1.9784875e-01
  -1.6588138e-02
   1.7046300e-01
   3.3947668e-01
   4.6472641e-01
   5.2493181e-01
   5.0953174e-01
   4.2288758e-01
   2.8473887e-01
   1.2621402e-01
  -1.7821250e-02
  -1.1786915e-01
  -1.5746921e-01
  -1.3698436e-01
  -7.2423178e-02
   1.0116675e-02
   8.2479877e-02
   1.2244319e-01
   1.1929765e-01
   7.5470350e-02
   3.9304979e-03
  -7.7412328e-02
  -1.5199405e-01
  -2.0902993e-01
  -2.4449338e-01
  -2.5877121e-01
  -2.5281803e-01
  -2.2536487e-01
  -1.7304078e-01
  -9.3484471e-02
   1.0297642e-02
   1.2686316e-01
   2.3650478e-01
   3.1511460e-01
   3.4058634e-01
   2.9953406e-01
   1.9195333e-01
   3.2260340e-02
  -1.5344269e-01
  -3.3271212e-01
  -4.7299059e-01
  -5.4731320e-01
  -5.3879256e-01
  -4.4360275e-01
  -2.7210409e-01
  -4.7574462e-02
   1.9771992e-01
   4.2857638e-01
   6.1361373e-01
   7.3094489e-01
   7.7131014e-01
   7.3806028e-01
   6.4437451e-01
   5.0891355e-01
   3.5144090e-01
   1.8962717e-01
   3.7466324e-02
  -9.5045543e-02
  -2.0168502e-01
  -2.7983085e-01
  -3.3054849e-01
  -3.5871537e-01
  -3.7274352e-01
  -3.8348854e-01
  -4.0217649e-01
  -4.3750832e-01
  -4.9242434e-01
  -5.6134509e-01
  -6.2901578e-01
  -6.7210436e-01
  -6.6409713e-01
  -5.8279289e-01
  -4.1831076e-01
  -1.7876618e-01
   1.0880676e-01
   4.0316152e-01
   6.5806511e-01
   8.3337085e-01
   9.0465277e-01
   8.6857641e-01
   7.4255913e-01
   5.5913646e-01
   3.5709760e-01
   1.7222173e-01
   3.0131098e-02
  -5.7280339e-02
  -9.1599529e-02
  -8.4539854e-02
  -5.2788858e-02
  -1.2654399e-02
   2.3957510e-02
   5.1207935e-02
   6.8484931e-02
   7.7821609e-02
   8.0886493e-02
   7.6859040e-02
   6.2032566e-02
   3.1260845e-02
  -1.9386008e-02
  -8.9906453e-02
  -1.7478306e-01
  -2.6324835e-01
  -3.4139869e-01
  -3.9552483e-01
  -4.1567074e-01
  -3.9839184e-01
  -3.4796851e-01
  -2.7580578e-01
  -1.9813036e-01
  -1.3229741e-01
  -9.2282645e-02
  -8.4397157e-02
  -1.0461735e-01
  -1.3872597e-01
  -1.6564258e-01
  -1.6325302e-01
  -1.1518419e-01
  -1.6574009e-02
   1.2296159e-01
   2.8026257e-01
   4.2343355e-01
   5.1930125e-01
   5.4149698e-01
   4.7705701e-01
   3.3000245e-01
   1.2126587e-01
  -1.1476185e-01
  -3.3614396e-01
  -5.0059821e-01
  -5.7289698e-01
  -5.3154083e-01
  -3.7377332e-01
  -1.1782992e-01
   1.9872321e-01
   5.2517034e-01
   8.0767615e-01
   1.0009002e+00
   1.0779216e+00
   1.0354572e+00
   8.9282104e-01
   6.8509429e-01
   4.5276211e-01
   2.3103236e-01
   4.1906584e-02
  -1.0901223e-01
  -2.3055608e-01
  -3.3996243e-01
  -4.5492497e-01
  -5.8627327e-01
  -7.3352571e-01
  -8.8459652e-01
  -1.0195283e+00
  -1.1167327e+00
  -1.1594253e+00
  -1.1400634e+00
  -1.0615136e+00
  -9.3494391e-01
  -7.7552273e-01
  -5.9758057e-01
  -4.1082434e-01
  -2.1865499e-01
  -1.8889742e-02
   1.9350919e-01
   4.2259365e-01
   6.6758666e-01
   9.2007937e-01
   1.1630375e+00
   1.3720279e+00
   1.5186600e+00
   1.5757359e+00
   1.5230774e+00
   1.3526895e+00
   1.0720127e+00
   7.0449144e-01
   2.8728362e-01
  -1.3356589e-01
  -5.0978792e-01
  -7.9835676e-01
  -9.6846006e-01
  -1.0065886e+00
  -9.1857972e-01
  -7.2797898e-01
  -4.7089710e-01
  -1.8849497e-01
   8.0955824e-02
   3.0820304e-01
   4.7560747e-01
   5.7575186e-01
   6.0723008e-01
   5.6999223e-01
   4.6276509e-01
   2.8398081e-01
   3.5793709e-02
  -2.7095785e-01
  -6.1368335e-01
  -9.5896916e-01
  -1.2677994e+00
  -1.5033920e+00
  -1.6387755e+00
  -1.6613248e+00
  -1.5728142e+00
  -1.3855222e+00
  -1.1166460e+00
  -7.8389210e-01
  -4.0427019e-01
   3.8005741e-03
   4.1698752e-01
   8.0511430e-01
   1.1332471e+00
   1.3683087e+00
   1.4882987e+00
   1.4904517e+00
   1.3945224e+00
   1.2390626e+00
   1.0713627e+00
   9.3440853e-01
   8.5546288e-01
   8.4013985e-01
   8.7350093e-01
   9.2697039e-01
   9.6798877e-01
   9.6896021e-01
   9.1302557e-01
   7.9578598e-01
   6.2356458e-01
   4.0967384e-01
   1.7029421e-01
  -7.8950099e-02
  -3.2542395e-01
  -5.6112903e-01
  -7.8366417e-01
  -9.9612861e-01
  -1.2053720e+00
  -1.4184018e+00
  -1.6376507e+00
  -1.8566444e+00
  -2.0578516e+00
  -2.2139563e+00
  -2.2926979e+00
  -2.2642541e+00
  -2.1092755e+00
  -1.8252948e+00
  -1.4293882e+00
  -9.5580136e-01
  -4.4880331e-01
   4.7125648e-02
   4.9643333e-01
   8.7786017e-01
   1.1846621e+00
   1.4206860e+00
   1.5949801e+00
   1.7177143e+00
   1.7986956e+00
   1.8477222e+00
   1.8748072e+00
   1.8886579e+00
   1.8933160e+00
   1.8844777e+00
   1.8477820e+00
   1.7608907e+00
   1.5996136e+00
   1.3463811e+00
   9.9804517e-01
   5.7002680e-01
   9.5198158e-02
  -3.8217857e-01
  -8.1557041e-01
  -1.1657774e+00
  -1.4085475e+00
  -1.5383261e+00
  -1.5672441e+00
  -1.5197883e+00
  -1.4250048e+00
  -1.3089100e+00
  -1.1894769e+00
  -1.0752636e+00
  -9.6716224e-01
  -8.6171461e-01
  -7.5435173e-01
  -6.4160301e-01
  -5.2215395e-01
  -3.9709397e-01
  -2.6968402e-01
  -1.4475117e-01
  -2.7684546e-02
   7.6902368e-02
   1.6653384e-01
   2.4175392e-01
   3.0605968e-01
   3.6469942e-01
   4.2255267e-01
   4.8170332e-01
   5.3959478e-01
   5.8866810e-01
   6.1799029e-01
   6.1663127e-01
   5.7774498e-01
   5.0185249e-01
   3.9797092e-01
   2.8196155e-01
   1.7248184e-01
   8.5797863e-02
   3.1145523e-02
   8.2362339e-03
   7.9089471e-03
   1.5901288e-02
   1.8501632e-02
   7.9635559e-03
  -1.4484400e-02
  -3.9300117e-02
  -5.2739325e-02
  -4.2762553e-02
  -4.3388636e-03
   5.7959430e-02
   1.3100020e-01
   1.9724012e-01
   2.4034578e-01
   2.5024676e-01
   2.2588007e-01
   1.7477528e-01
   1.0984139e-01
   4.4775464e-02
  -1.0079656e-02
  -5.0021900e-02
  -7.5984404e-02
  -9.2789963e-02
  -1.0676538e-01
  -1.2375592e-01
  -1.4806743e-01
  -1.8224758e-01
  -2.2722936e-01
  -2.8233783e-01
  -3.4492630e-01
  -4.0978062e-01
  -4.6873522e-01
  -5.1104918e-01
  -5.2493622e-01
  -5.0027269e-01
  -4.3203568e-01
  -3.2357268e-01
  -1.8851277e-01
  -5.0165435e-02
   6.2240161e-02
   1.2017316e-01
   1.0389051e-01
   9.8483221e-03
  -1.4485867e-01
  -3.2282908e-01
  -4.7225952e-01
  -5.3786506e-01
  -4.7474187e-01
  -2.6179652e-01
   8.9192410e-02
   5.3218484e-01
   9.9458754e-01
   1.3928208e+00
   1.6519223e+00
   1.7238156e+00
   1.5989667e+00
   1.3079426e+00
   9.1235032e-01
   4.8788543e-01
   1.0467498e-01
  -1.8916582e-01
  -3.7615089e-01
  -4.6844712e-01
  -4.9880691e-01
  -5.0735769e-01
  -5.2892460e-01
  -5.8446471e-01
  -6.7801440e-01
  -7.9844066e-01
  -9.2410674e-01
  -1.0285122e+00
  -1.0856321e+00
  -1.0744120e+00
  -9.8222683e-01
  -8.0707486e-01
  -5.5814911e-01
  -2.5456331e-01
   7.7531177e-02
   4.0867420e-01
   7.0970539e-01
   9.5457973e-01
   1.1223179e+00
   1.1984992e+00
   1.1767159e+00
   1.0599696e+00
   8.6145098e-01
   6.0390835e-01
   3.1705138e-01
   3.3085842e-02
  -2.1874324e-01
  -4.1717394e-01
  -5.5205992e-01
  -6.2469814e-01
  -6.4533397e-01
  -6.2872379e-01
  -5.8919243e-01
  -5.3664982e-01
  -4.7457630e-01
  -4.0030678e-01
  -3.0733737e-01
  -1.8897917e-01
  -4.2436856e-02
   1.2776270e-01
   3.0806514e-01
   4.7672091e-01
   6.0741880e-01
   6.7517870e-01
   6.6306538e-01
   5.6766685e-01
   4.0136932e-01
   1.9039192e-01
  -3.0998849e-02
  -2.2831108e-01
  -3.7422007e-01
  -4.5335144e-01
  -4.6336805e-01
  -4.1267289e-01
  -3.1615777e-01
  -1.9084061e-01
  -5.2856521e-02
   8.3637214e-02
   2.0605925e-01
   3.0256726e-01
   3.6194410e-01
   3.7491568e-01
   3.3681241e-01
   2.5066262e-01
   1.2927400e-01
  -5.1564695e-03
  -1.2474361e-01
  -2.0256568e-01
  -2.2049232e-01
  -1.7546407e-01
  -8.1643649e-02
   3.2782786e-02
   1.3335463e-01
   1.8908264e-01
   1.8094651e-01
   1.0650832e-01
  -2.0464076e-02
  -1.7472793e-01
  -3.2673175e-01
  -4.4985866e-01
  -5.2579068e-01
  -5.4694858e-01
  -5.1595327e-01
  -4.4284097e-01
  -3.4123606e-01
  -2.2479070e-01
  -1.0487708e-01
   1.0159454e-02
   1.1458663e-01
   2.0446401e-01
   2.7704531e-01
   3.3064962e-01
   3.6488944e-01
   3.8095613e-01
   3.8164744e-01
   3.7095971e-01
   3.5330959e-01
   3.3265425e-01
   3.1179164e-01
   2.9194989e-01
   2.7258580e-01
   2.5128612e-01
   2.2384197e-01
   1.8480121e-01
   1.2883763e-01
   5.2943673e-02
  -4.1136877e-02
  -1.4531577e-01
  -2.4550851e-01
  -3.2442827e-01
  -3.6631061e-01
  -3.6207195e-01
  -3.1295204e-01
  -2.3105492e-01
  -1.3630737e-01
  -5.0760699e-02
   7.7590371e-03
   3.0394047e-02
   1.8808413e-02
  -1.6765939e-02
  -6.2013257e-02
  -1.0372598e-01
  -1.3374384e-01
  -1.5025332e-01
  -1.5614409e-01
  -1.5533357e-01
  -1.4884939e-01
  -1.3261428e-01
  -9.8205552e-02
  -3.6609771e-02
   5.6334165e-02
   1.7497403e-01
   3.0158590e-01
   4.0823210e-01
   4.6274702e-01
   4.3735511e-01
   3.1737056e-01
   1.0723374e-01
  -1.6812401e-01
  -4.6720504e-01
  -7.4020056e-01
  -9.3933260e-01
  -1.0284555e+00
  -9.8945013e-01
  -8.2414968e-01
  -5.5207385e-01
  -2.0544169e-01
   1.7667876e-01
   5.5365768e-01
   8.8750939e-01
   1.1463578e+00
   1.3077867e+00
   1.3621612e+00
   1.3149819e+00
   1.1866340e+00
   1.0082672e+00
   8.1400677e-01
   6.3151155e-01
   4.7403183e-01
   3.3696968e-01
   2.0055384e-01
   3.8135061e-02
  -1.7247145e-01
  -4.3844854e-01
  -7.4600502e-01
  -1.0612110e+00
  -1.3375259e+00
  -1.5276741e+00
  -1.5962376e+00
  -1.5292661e+00
  -1.3381988e+00
  -1.0570614e+00
  -7.3383294e-01
  -4.1855394e-01
  -1.5164324e-01
   4.4280379e-02
   1.6692462e-01
   2.3081869e-01
   2.5930309e-01
   2.7502034e-01
   2.9236290e-01
   3.1442950e-01
   3.3510384e-01
   3.4479673e-01
   3.3710946e-01
   3.1362018e-01
   2.8501293e-01
   2.6834836e-01
   2.8178347e-01
   3.3888491e-01
   4.4450316e-01
   5.9315943e-01
   7.6970548e-01
   9.5136147e-01
   1.1103858e+00
   1.2172462e+00
   1.2445951e+00
   1.1721602e+00
   9.9192815e-01
   7.1221349e-01
   3.5888367e-01
  -2.7572059e-02
  -3.9930546e-01
  -7.1136096e-01
  -9.3226304e-01
  -1.0518155e+00
  -1.0836350e+00
  -1.0614250e+00
  -1.0297002e+00
  -1.0310959e+00
  -1.0933238e+00
  -1.2191864e+00
  -1.3827115e+00
  -1.5332760e+00
  -1.6075896e+00
  -1.5469780e+00
  -1.3152794e+00
  -9.1179606e-01
  -3.7476261e-01
   2.2634074e-01
   8.0755646e-01
   1.2910575e+00
   1.6230962e+00
   1.7839614e+00
   1.7876760e+00
   1.6728182e+00
   1.4885758e+00
   1.2809413e+00
   1.0828583e+00
   9.0999009e-01
   7.6174017e-01
   6.2591272e-01
   4.8511758e-01
   3.2333138e-01
   1.3142056e-01
  -8.9381593e-02
  -3.2693876e-01
  -5.6106115e-01
  -7.6917579e-01
  -9.3299837e-01
  -1.0436211e+00
  -1.1027700e+00
  -1.1194932e+00
  -1.1036413e+00
  -1.0592102e+00
  -9.8098616e-01
  -8.5658784e-01
  -6.7342562e-01
  -4.2752771e-01
  -1.2996570e-01
   1.9251125e-01
   5.0341058e-01
   7.6672806e-01
   9.5725048e-01
   1.0667406e+00
   1.1037042e+00
   1.0871989e+00
   1.0375304e+00
   9.6776557e-01
   8.7945633e-01
   7.6411751e-01
   6.0960050e-01
   4.0847617e-01
   1.6469367e-01
  -1.0453324e-01
  -3.7267901e-01
  -6.1226267e-01
  -8.0418353e-01
  -9.4401198e-01
  -1.0423143e+00
  -1.1184872e+00
  -1.1903072e+00
  -1.2633521e+00
  -1.3247991e+00
  -1.3446599e+00
  -1.2847746e+00
  -1.1128536e+00
  -8.1667007e-01
  -4.1303093e-01
   5.2301207e-02
   5.1444729e-01
   9.0614147e-01
   1.1758377e+00
   1.3010848e+00
   1.2928124e+00
   1.1895549e+00
   1.0442245e+00
   9.0836441e-01
   8.1905418e-01
   7.9192468e-01
   8.2105438e-01
   8.8412794e-01
   9.5008643e-01
   9.8674247e-01
   9.6691392e-01
   8.7270919e-01
   6.9810404e-01
   4.4987769e-01
   1.4674290e-01
  -1.8349681e-01
  -5.0861399e-01
  -7.9779897e-01
  -1.0275057e+00
  -1.1857868e+00
  -1.2737331e+00
  -1.3034248e+00
  -1.2930288e+00
  -1.2607274e+00
  -1.2195011e+00
  -1.1743254e+00
  -1.1223640e+00
  -1.0556984e+00
  -9.6538264e-01
  -8.4535493e-01
  -6.9495145e-01
  -5.1931834e-01
  -3.2776230e-01
  -1.3082575e-01
   6.2648184e-02
   2.4725580e-01
   4.2103905e-01
   5.8418201e-01
   7.3747788e-01
   8.8149750e-01
   1.0165238e+00
   1.1424623e+00
   1.2578758e+00
   1.3581216e+00
   1.4335918e+00
   1.4694615e+00
   1.4478785e+00
   1.3525462e+00
   1.1746332e+00
   9.1819885e-01
   6.0304496e-01
   2.6333606e-01
  -5.8446020e-02
  -3.2093656e-01
  -4.9396603e-01
  -5.6604626e-01
  -5.4683561e-01
  -4.6392469e-01
  -3.5521978e-01
  -2.5949763e-01
  -2.0794823e-01
  -2.1878764e-01
  -2.9574592e-01
  -4.2995423e-01
  -6.0387329e-01
  -7.9562355e-01
  -9.8243921e-01
  -1.1428204e+00
  -1.2578824e+00
  -1.3128746e+00
  -1.2995798e+00
  -1.2194431e+00
  -1.0862573e+00
  -9.2655911e-01
  -7.7598163e-01
  -6.7090242e-01
  -6.3666768e-01
  -6.7578697e-01
  -7.6074302e-01
  -8.3553538e-01
  -8.2755103e-01
  -6.6756254e-01
  -3.1208067e-01
   2.3945181e-01
   9.3907674e-01
   1.6991229e+00
   2.4132160e+00
   2.9830284e+00
   3.3423589e+00
   3.4712205e+00
   3.3961589e+00
   3.1775172e+00
   2.8881496e+00
   2.5900532e+00
   2.3153279e+00
   2.0563369e+00
   1.7677089e+00
   1.3803891e+00
   8.2523948e-01
   6.0650406e-02
  -9.0399788e-01
  -1.9977697e+00
  -3.0963904e+00
  -4.0490241e+00
  -4.7162673e+00
  -5.0070795e+00
  -4.9020972e+00
  -4.4555080e+00
  -3.7754686e+00
  -2.9906821e+00
  -2.2151779e+00
  -1.5230685e+00
  -9.4046727e-01
  -4.5481517e-01
  -3.5318032e-02
   3.4539340e-01
   6.9759836e-01
   1.0135487e+00
   1.2777397e+00
   1.4816451e+00
   1.6343474e+00
   1.7628919e+00
   1.9016105e+00
   2.0753725e+00
   2.2849104e+00
   2.5015386e+00
   2.6742709e+00
   2.7467086e+00
   2.6767850e+00
   2.4513768e+00
   2.0902202e+00
   1.6382289e+00
   1.1500450e+00
   6.7346529e-01
   2.3820428e-01
  -1.4640310e-01
  -4.8527531e-01
  -7.8704340e-01
  -1.0545031e+00
  -1.2803623e+00
  -1.4497686e+00
  -1.5480431e+00
  -1.5700163e+00
  -1.5268934e+00
  -1.4474755e+00
  -1.3724218e+00
  -1.3426165e+00
  -1.3850519e+00
  -1.5011575e+00
  -1.6623192e+00
  -1.8151477e+00
  -1.8955572e+00
  -1.8473536e+00
  -1.6392483e+00
  -1.2746717e+00
  -7.9121143e-01
  -2.5000890e-01
   2.8120205e-01
   7.4571989e-01
   1.1105318e+00
   1.3703966e+00
   1.5428596e+00
   1.6567351e+00
   1.7385741e+00
   1.8020080e+00
   1.8435247e+00
   1.8456565e+00
   1.7857211e+00
   1.6463027e+00
   1.4233865e+00
   1.1294647e+00
   7.9120691e-01
   4.4329476e-01
   1.2093019e-01
  -1.4676783e-01
  -3.4119656e-01
  -4.5615127e-01
  -4.9731747e-01
  -4.7981277e-01
  -4.2441180e-01
  -3.5324908e-01
  -2.8588707e-01
  -2.3664718e-01
  -2.1397457e-01
  -2.2214765e-01
  -2.6471663e-01
  -3.4797568e-01
  -4.8226303e-01
  -6.7949239e-01
  -9.4691685e-01
  -1.2789805e+00
  -1.6503878e+00
  -2.0136773e+00
  -2.3035229e+00
  -2.4479768e+00
  -2.3845023e+00
  -2.0767014e+00
  -1.5268918e+00
  -7.8054426e-01
   7.9205387e-02
   9.4610654e-01
   1.7113692e+00
   2.2859622e+00
   2.6198501e+00
   2.7135135e+00
   2.6180332e+00
   2.4221971e+00
   2.2284885e+00
   2.1234888e+00
   2.1507123e+00
   2.2940148e+00
   2.4772419e+00
   2.5814214e+00
   2.4758812e+00
   2.0556049e+00
   1.2749482e+00
   1.6812577e-01
  -1.1502641e+00
  -2.5063249e+00
  -3.7049846e+00
  -4.5750632e+00
  -5.0085542e+00
  -4.9829504e+00
  -4.5607641e+00
  -3.8673835e+00
  -3.0545727e+00
  -2.2604978e+00
  -1.5775067e+00
  -1.0362047e+00
  -6.0939380e-01
  -2.3335358e-01
   1.6154210e-01
   6.2181106e-01
   1.1534382e+00
   1.7213806e+00
   2.2647736e+00
   2.7207015e+00
   3.0465007e+00
   3.2318723e+00
   3.2969501e+00
   3.2785202e+00
   3.2110666e+00
   3.1105759e+00
   2.9671560e+00
   2.7487070e+00
   2.4137218e+00
   1.9282378e+00
   1.2809675e+00
   4.9185081e-01
  -3.8805830e-01
  -1.2846388e+00
  -2.1140746e+00
  -2.7982837e+00
  -3.2792660e+00
  -3.5296220e+00
  -3.5569928e+00
  -3.4010400e+00
  -3.1230459e+00
  -2.7901590e+00
  -2.4581530e+00
  -2.1575671e+00
  -1.8876012e+00
  -1.6199758e+00
  -1.3117257e+00
  -9.2285242e-01
  -4.3307301e-01
   1.4780818e-01
   7.7923333e-01
   1.3990262e+00
   1.9392763e+00
   2.3438864e+00
   2.5822968e+00
   2.6551979e+00
   2.5907174e+00
   2.4328250e+00
   2.2263335e+00
   2.0038073e+00
   1.7785354e+00
   1.5450924e+00
   1.2860921e+00
   9.8176518e-01
   6.1868392e-01
   1.9525263e-01
  -2.7643546e-01
  -7.7136738e-01
  -1.2539292e+00
  -1.6816176e+00
  -2.0107448e+00
  -2.2043250e+00
  -2.2407767e+00
  -2.1204691e+00
  -1.8668701e+00
  -1.5207377e+00
  -1.1288653e+00
  -7.3177223e-01
  -3.5562133e-01
  -1.1645280e-02
   2.9767784e-01
   5.7012314e-01
   7.9823599e-01
   9.6983392e-01
   1.0734418e+00
   1.1046218e+00
   1.0690650e+00
   9.8087934e-01
   8.5768200e-01
   7.1565802e-01
   5.6704822e-01
   4.2054274e-01
   2.8328336e-01
   1.6252110e-01
   6.5515486e-02
  -2.4919158e-03
  -4.1156769e-02
  -5.7084642e-02
  -6.3663814e-02
  -7.8255620e-02
  -1.1745093e-01
  -1.9185566e-01
  -3.0199536e-01
  -4.3655225e-01
  -5.7355662e-01
  -6.8453437e-01
  -7.4098104e-01
  -7.2189253e-01
  -6.2055065e-01
  -4.4856794e-01
  -2.3556285e-01
  -2.3821114e-02
   1.4130849e-01
   2.2313478e-01
   2.0432203e-01
   9.3216848e-02
  -7.6692991e-02
  -2.5476636e-01
  -3.8675853e-01
  -4.3002551e-01
  -3.6578654e-01
  -2.0471024e-01
   1.5929639e-02
   2.4282851e-01
   4.2195118e-01
   5.1403600e-01
   5.0558451e-01
   4.1191817e-01
   2.7135121e-01
   1.3242862e-01
   3.8562795e-02
   1.5358599e-02
   6.4928323e-02
   1.6880585e-01
   2.9772294e-01
   4.2392492e-01
   5.3094351e-01
   6.1704362e-01
   6.9133311e-01
   7.6466138e-01
   8.3966244e-01
   9.0464105e-01
   9.3427515e-01
   8.9712780e-01
   7.6713428e-01
   5.3474710e-01
   2.1362196e-01
  -1.5981722e-01
  -5.3442508e-01
  -8.5793425e-01
  -1.0916746e+00
  -1.2209107e+00
  -1.2566141e+00
  -1.2280413e+00
  -1.1695680e+00
  -1.1076250e+00
  -1.0531201e+00
  -1.0018699e+00
  -9.4185961e-01
  -8.6332084e-01
  -7.6674796e-01
  -6.6520724e-01
  -5.7990368e-01
  -5.3080646e-01
  -5.2615940e-01
  -5.5528469e-01
  -5.8803186e-01
  -5.8183922e-01
  -4.9450185e-01
  -2.9847188e-01
   8.2980733e-03
   3.9901781e-01
   8.2385061e-01
   1.2232993e+00
   1.5448996e+00
   1.7576686e+00
   1.8594804e+00
   1.8749492e+00
   1.8446184e+00
   1.8092174e+00
   1.7944468e+00
   1.8015630e+00
   1.8069749e+00
   1.7708808e+00
   1.6518178e+00
   1.4219136e+00
   1.0773687e+00
   6.4042693e-01
   1.5233829e-01
  -3.3964298e-01
  -7.9591415e-01
  -1.1936094e+00
  -1.5281986e+00
  -1.8079559e+00
  -2.0443748e+00
  -2.2428284e+00
  -2.3972962e+00
  -2.4911492e+00
  -2.5034801e+00
  -2.4182113e+00
  -2.2321366e+00
  -1.9585823e+00
  -1.6252228e+00
  -1.2668985e+00
  -9.1615314e-01
  -5.9495246e-01
  -3.1041645e-01
  -5.5692993e-02
   1.8487365e-01
   4.2848633e-01
   6.8705325e-01
   9.6265813e-01
   1.2462401e+00
   1.5194328e+00
   1.7587978e+00
   1.9412325e+00
   2.0491637e+00
   2.0742985e+00
   2.0191492e+00
   1.8961232e+00
   1.7245671e+00
   1.5266074e+00
   1.3227986e+00
   1.1284370e+00
   9.5109571e-01
   7.8965334e-01
   6.3485131e-01
   4.7120175e-01
   2.7994958e-01
   4.2833719e-02
  -2.5347615e-01
  -6.1244488e-01
  -1.0229162e+00
  -1.4560307e+00
  -1.8658590e+00
  -2.1953916e+00
  -2.3879382e+00
  -2.4016673e+00
  -2.2230079e+00
  -1.8740819e+00
  -1.4107922e+00
  -9.1123891e-01
  -4.5753627e-01
  -1.1637232e-01
   7.6091514e-02
   1.2102625e-01
   5.4128741e-02
  -6.5436541e-02
  -1.7094911e-01
  -2.0454085e-01
  -1.3003054e-01
   6.0536108e-02
   3.4739391e-01
   6.8939147e-01
   1.0336380e+00
   1.3258360e+00
   1.5196025e+00
   1.5842225e+00
   1.5106422e+00
   1.3148851e+00
   1.0372780e+00
   7.3601561e-01
   4.7500488e-01
   3.0802576e-01
   2.6307695e-01
   3.3162810e-01
   4.6692184e-01
   5.9334220e-01
   6.2560606e-01
   4.9315534e-01
   1.6289467e-01
  -3.4673065e-01
  -9.6522626e-01
  -1.5843040e+00
  -2.0837903e+00
  -2.3623141e+00
  -2.3638569e+00
  -2.0919558e+00
  -1.6070227e+00
  -1.0077695e+00
  -4.0300801e-01
   1.1690186e-01
   5.0004053e-01
   7.3892834e-01
   8.6234034e-01
   9.1763964e-01
   9.5101065e-01
   9.9258689e-01
   1.0505525e+00
   1.1143124e+00
   1.1634337e+00
   1.1775511e+00
   1.1432271e+00
   1.0561147e+00
   9.1921390e-01
   7.3938706e-01
   5.2436567e-01
   2.8165781e-01
   1.9539012e-02
  -2.5086771e-01
  -5.1410616e-01
  -7.5105781e-01
  -9.4239347e-01
  -1.0740207e+00
  -1.1424511e+00
  -1.1574976e+00
  -1.1404067e+00
  -1.1173356e+00
  -1.1102332e+00
  -1.1285779e+00
  -1.1652345e+00
  -1.1979438e+00
  -1.1955820e+00
  -1.1265614e+00
  -9.6641103e-01
  -7.0266990e-01
  -3.3695286e-01
   1.1474539e-01
   6.2248763e-01
   1.1436737e+00
   1.6264572e+00
   2.0166604e+00
   2.2679910e+00
   2.3530137e+00
   2.2708556e+00
   2.0481164e+00
   1.7317610e+00
   1.3758611e+00
   1.0266632e+00
   7.1139010e-01
   4.3475405e-01
   1.8386919e-01
  -6.1288735e-02
  -3.1674770e-01
  -5.8721088e-01
  -8.6463834e-01
  -1.1318546e+00
  -1.3682687e+00
  -1.5546623e+00
  -1.6755707e+00
  -1.7198085e+00
  -1.6807715e+00
  -1.5577574e+00
  -1.3582722e+00
  -1.1000775e+00
  -8.1121628e-01
  -5.2664827e-01
  -2.8136882e-01
  -1.0149555e-01
   3.9466270e-03
   4.7537376e-02
   6.2081438e-02
   9.2767575e-02
   1.8429010e-01
   3.6627461e-01
   6.4158585e-01
   9.8193510e-01
   1.3332480e+00
   1.6298950e+00
   1.8133764e+00
   1.8489774e+00
   1.7343346e+00
   1.4967224e+00
   1.1800934e+00
   8.2699328e-01
   4.6294757e-01
   9.0508356e-02
  -3.0357736e-01
  -7.3051434e-01
  -1.1788976e+00
  -1.6018797e+00
  -1.9202544e+00
  -2.0431310e+00
  -1.8998553e+00
  -1.4711256e+00
  -8.0657362e-01
  -2.0759586e-02
   7.3248711e-01
   1.2994731e+00
   1.5670853e+00
   1.4916122e+00
   1.1076997e+00
   5.1589156e-01
  -1.4630929e-01
  -7.4059019e-01
  -1.1607154e+00
  -1.3535754e+00
  -1.3239344e+00
  -1.1233766e+00
  -8.2833351e-01
  -5.1469891e-01
  -2.3675564e-01
  -1.6055625e-02
   1.5761077e-01
   3.1475144e-01
   4.8871586e-01
   6.9821012e-01
   9.3556045e-01
   1.1647541e+00
   1.3303658e+00
   1.3750808e+00
   1.2605673e+00
   9.8486327e-01
   5.8990635e-01
   1.5544615e-01
  -2.2027800e-01
  -4.4824026e-01
  -4.7646601e-01
  -3.0873835e-01
  -7.0334312e-03
   3.2443066e-01
   5.6923853e-01
   6.3325854e-01
   4.7194365e-01
   1.0137355e-01
  -4.0988823e-01
  -9.6388384e-01
  -1.4619911e+00
  -1.8290742e+00
  -2.0260445e+00
  -2.0492295e+00
  -1.9199710e+00
  -1.6706179e+00
  -1.3329413e+00
  -9.3256942e-01
  -4.8965778e-01
  -2.3235037e-02
   4.4439967e-01
   8.8608304e-01
   1.2719904e+00
   1.5747221e+00
   1.7751807e+00
   1.8669438e+00
   1.8574397e+00
   1.7652955e+00
   1.6144720e+00
   1.4269634e+00
   1.2165579e+00
   9.8599466e-01
   7.2871987e-01
   4.3475912e-01
   9.8696792e-02
  -2.7304903e-01
  -6.5829177e-01
  -1.0200595e+00
  -1.3125178e+00
  -1.4903733e+00
  -1.5193846e+00
  -1.3854120e+00
  -1.0998350e+00
  -6.9993082e-01
  -2.4377721e-01
   1.9963862e-01
   5.6320244e-01
   7.9438006e-01
   8.6454617e-01
   7.7247404e-01
   5.4136853e-01
   2.1085730e-01
  -1.7328858e-01
  -5.6863825e-01
  -9.4235486e-01
  -1.2729821e+00
  -1.5478948e+00
  -1.7577524e+00
  -1.8901356e+00
  -1.9249448e+00
  -1.8339596e+00
  -1.5859623e+00
  -1.1569942e+00
  -5.4310795e-01
   2.2869766e-01
   1.0959851e+00
   1.9660104e+00
   2.7307203e+00
   3.2883826e+00
   3.5659138e+00
   3.5351357e+00
   3.2176795e+00
   2.6767847e+00
   1.9987141e+00
   1.2702140e+00
   5.5978880e-01
  -9.1174932e-02
  -6.6557045e-01
  -1.1590419e+00
  -1.5662262e+00
  -1.8716665e+00
  -2.0496111e+00
  -2.0725147e+00
  -1.9240606e+00
  -1.6106859e+00
  -1.1665203e+00
  -6.4970995e-01
  -1.3169726e-01
   3.1647474e-01
   6.3637182e-01
   7.8995518e-01
   7.6234107e-01
   5.6075504e-01
   2.1150736e-01
  -2.4373411e-01
  -7.5217904e-01
  -1.2552075e+00
  -1.6950440e+00
  -2.0220857e+00
  -2.2011867e+00
  -2.2151979e+00
  -2.0650951e+00
  -1.7673272e+00
  -1.3497090e+00
  -8.4696057e-01
  -2.9623919e-01
   2.6753069e-01
   8.1646751e-01
   1.3336679e+00
   1.8144344e+00
   2.2632195e+00
   2.6863203e+00
   3.0825971e+00
   3.4359989e+00
   3.7134147e+00
   3.8693313e+00
   3.8559820e+00
   3.6355430e+00
   3.1904625e+00
   2.5291901e+00
   1.6865083e+00
   7.1926913e-01
  -3.0098127e-01
  -1.2970843e+00
  -2.1958899e+00
  -2.9372340e+00
  -3.4809270e+00
  -3.8104549e+00
  -3.9326160e+00
  -3.8732124e+00
  -3.6698676e+00
  -3.3637205e+00
  -2.9919713e+00
  -2.5829516e+00
  -2.1546207e+00
  -1.7164012e+00
  -1.2733258e+00
  -8.3080066e-01
  -3.9808026e-01
   1.0949236e-02
   3.7989007e-01
   6.9372314e-01
   9.4266081e-01
   1.1245465e+00
   1.2454583e+00
   1.3191085e+00
   1.3657939e+00
   1.4110148e+00
   1.4830200e+00
   1.6082380e+00
   1.8043303e+00
   2.0722818e+00
   2.3906828e+00
   2.7158773e+00
   2.9899888e+00
   3.1552148e+00
   3.1690443e+00
   3.0136691e+00
   2.6951610e+00
   2.2330189e+00
   1.6458127e+00
   9.4103684e-01
   1.1548618e-01
  -8.3282161e-01
  -1.8863682e+00
  -2.9926151e+00
  -4.0599021e+00
  -4.9687669e+00
  -5.5960932e+00
  -5.8440941e+00
  -5.6643453e+00
  -5.0694175e+00
  -4.1295214e+00
  -2.9564209e+00
  -1.6798997e+00
  -4.2304223e-01
   7.1783444e-01
   1.6841667e+00
   2.4549537e+00
   3.0364113e+00
   3.4456390e+00
   3.6944764e+00
   3.7796436e+00
   3.6830385e+00
   3.3823944e+00
   2.8684733e+00
   2.1619208e+00
   1.3221773e+00
   4.4317328e-01
  -3.6459497e-01
  -1.0004457e+00
  -1.3993446e+00
  -1.5479216e+00
  -1.4849284e+00
  -1.2861307e+00
  -1.0391553e+00
  -8.1706003e-01
  -6.5938249e-01
  -5.6631154e-01
  -5.0668897e-01
  -4.3570374e-01
  -3.1518335e-01
  -1.2924274e-01
   1.0952754e-01
   3.6435538e-01
   5.8644848e-01
   7.3013729e-01
   7.6574623e-01
   6.8636964e-01
   5.0734666e-01
   2.6001503e-01
  -1.6883186e-02
  -2.8475323e-01
  -5.0990133e-01
  -6.6590992e-01
  -7.3532175e-01
  -7.1195269e-01
  -6.0365579e-01
  -4.3392437e-01
  -2.4028944e-01
  -6.8273706e-02
   3.8652406e-02
   5.0810885e-02
  -3.7783824e-02
  -2.0491156e-01
  -4.0320553e-01
  -5.7063718e-01
  -6.4580313e-01
  -5.8373740e-01
  -3.6781777e-01
  -1.4651868e-02
   4.2905390e-01
   8.9651964e-01
   1.3150732e+00
   1.6208837e+00
   1.7706808e+00
   1.7478700e+00
   1.5621433e+00
   1.2435833e+00
   8.3376593e-01
   3.7693458e-01
  -8.6239852e-02
  -5.2127249e-01
  -8.9957567e-01
  -1.1973038e+00
  -1.3955598e+00
  -1.4830467e+00
  -1.4603108e+00
  -1.3431185e+00
  -1.1622203e+00
  -9.5797954e-01
  -7.7050745e-01
  -6.2812691e-01
  -5.3825303e-01
  -4.8446408e-01
  -4.3157595e-01
  -3.3756631e-01
  -1.6840949e-01
   8.9441350e-02
   4.2333890e-01
   7.9723445e-01
   1.1614987e+00
   1.4659680e+00
   1.6718350e+00
   1.7590772e+00
   1.7280600e+00
   1.5958181e+00
   1.3887722e+00
   1.1341836e+00
   8.5264471e-01
   5.5351876e-01
   2.3459635e-01
  -1.1364505e-01
  -4.9993805e-01
  -9.2236738e-01
  -1.3600045e+00
  -1.7697097e+00
  -2.0909244e+00
  -2.2589107e+00
  -2.2235011e+00
  -1.9673343e+00
  -1.5164547e+00
  -9.3808957e-01
  -3.2497669e-01
   2.2904744e-01
   6.5382687e-01
   9.1940803e-01
   1.0389284e+00
   1.0577106e+00
   1.0333242e+00
   1.0141466e+00
   1.0237842e+00
   1.0559723e+00
   1.0805414e+00
   1.0573152e+00
   9.5260214e-01
   7.5270384e-01
   4.7032380e-01
   1.4226047e-01
  -1.8047802e-01
  -4.4675924e-01
  -6.1910258e-01
  -6.8293875e-01
  -6.4879902e-01
  -5.4734727e-01
  -4.1955372e-01
  -3.0566972e-01
  -2.3645500e-01
  -2.2856634e-01
  -2.8405839e-01
  -3.9258408e-01
  -5.3462565e-01
  -6.8473995e-01
  -8.1468501e-01
  -8.9675242e-01
  -9.0746497e-01
  -8.3131096e-01
  -6.6380543e-01
  -4.1309640e-01
  -9.9507851e-02
   2.4724743e-01
   5.9288972e-01
   9.0439350e-01
   1.1552224e+00
   1.3284807e+00
   1.4172911e+00
   1.4228666e+00
   1.3516859e+00
   1.2133851e+00
   1.0202733e+00
   7.8814926e-01
   5.3714647e-01
   2.9119718e-01
   7.5338966e-02
  -8.8963759e-02
  -1.8941134e-01
  -2.2766588e-01
  -2.2143927e-01
  -2.0239687e-01
  -2.0959359e-01
  -2.7980789e-01
  -4.3751777e-01
  -6.8761005e-01
  -1.0129594e+00
  -1.3772199e+00
  -1.7314858e+00
  -2.0226914e+00
  -2.2018602e+00
  -2.2310820e+00
  -2.0887701e+00
  -1.7729730e+00
  -1.3023572e+00
  -7.1432723e-01
  -6.0001121e-02
   6.0344176e-01
   1.2214378e+00
   1.7493878e+00
   2.1565830e+00
   2.4260797e+00
   2.5518922e+00
   2.5361306e+00
   2.3881870e+00
   2.1259902e+00
   1.7771940e+00
   1.3776132e+00
   9.6573415e-01
   5.7466250e-01
   2.2476052e-01
  -7.9676828e-02
  -3.4805347e-01
  -5.9628331e-01
  -8.3770852e-01
  -1.0756897e+00
  -1.3005132e+00
  -1.4914170e+00
  -1.6226499e+00
  -1.6711982e+00
  -1.6234949e+00
  -1.4791488e+00
  -1.2511230e+00
  -9.6313088e-01
  -6.4564515e-01
  -3.3167349e-01
  -5.2741896e-02
   1.6503322e-01
   3.0489420e-01
   3.6303190e-01
   3.5087263e-01
   2.9484302e-01
   2.3258052e-01
   2.0531204e-01
   2.4744423e-01
   3.7593438e-01
   5.8296469e-01
   8.3502963e-01
   1.0795999e+00
   1.2578046e+00
   1.3193516e+00
   1.2351950e+00
   1.0044511e+00
   6.5414602e-01
   2.3258493e-01
  -2.0131601e-01
  -5.8979230e-01
  -8.8642408e-01
  -1.0629572e+00
  -1.1119883e+00
  -1.0456381e+00
  -8.9098178e-01
  -6.8347123e-01
  -4.5984677e-01
  -2.5196795e-01
  -8.2527687e-02
   3.7050328e-02
   1.0673563e-01
   1.3634491e-01
   1.4244980e-01
   1.4378341e-01
   1.5556402e-01
   1.8395744e-01
   2.2264665e-01
   2.5349057e-01
   2.5215373e-01
   1.9763183e-01
   8.2607212e-02
  -7.9467980e-02
  -2.5406868e-01
  -3.9336586e-01
  -4.5028705e-01
  -3.9437584e-01
  -2.2376986e-01
   3.1430001e-02
   3.1624614e-01
   5.6643130e-01
   7.2744583e-01
   7.7032557e-01
   6.9909892e-01
   5.4753767e-01
   3.6680889e-01
   2.0854621e-01
   1.0905054e-01
   7.9607549e-02
   1.0566076e-01
   1.5452479e-01
   1.8842436e-01
   1.7790928e-01
   1.1079940e-01
  -6.2451017e-03
  -1.5342007e-01
  -3.0776597e-01
  -4.5288325e-01
  -5.8410665e-01
  -7.0697471e-01
  -8.2995219e-01
  -9.5515743e-01
  -1.0719073e+00
  -1.1565372e+00
  -1.1788077e+00
  -1.1119969e+00
  -9.4223677e-01
  -6.7344269e-01
  -3.2657298e-01
   6.5526001e-02
   4.6503080e-01
   8.3528010e-01
   1.1448319e+00
   1.3695226e+00
   1.4934014e+00
   1.5093813e+00
   1.4199380e+00
   1.2376558e+00
   9.8511139e-01
   6.9347125e-01
   3.9928837e-01
   1.3938713e-01
  -5.5574745e-02
  -1.6752822e-01
  -1.9562131e-01
  -1.5742585e-01
  -8.5855065e-02
  -2.2053851e-02
  -5.6637240e-03
  -6.4714365e-02
  -2.0775182e-01
  -4.2052039e-01
  -6.6848395e-01
  -9.0484165e-01
  -1.0819478e+00
  -1.1628813e+00
  -1.1298527e+00
  -9.8722529e-01
  -7.5873112e-01
  -4.8028860e-01
  -1.9102375e-01
   7.4726485e-02
   2.9243927e-01
   4.4877962e-01
   5.3993086e-01
   5.6836305e-01
   5.3978334e-01
   4.6161487e-01
   3.4341290e-01
   1.9851402e-01
   4.5445635e-02
  -9.2408743e-02
  -1.8966859e-01
  -2.2399295e-01
  -1.8193204e-01
  -6.3728597e-02
   1.1465041e-01
   3.2326134e-01
   5.2364458e-01
   6.7677805e-01
   7.5147317e-01
   7.3101876e-01
   6.1647223e-01
   4.2600270e-01
   1.9067007e-01
  -5.2278589e-02
  -2.6710883e-01
  -4.2661053e-01
  -5.1677990e-01
  -5.3799590e-01
  -5.0249495e-01
  -4.2917288e-01
  -3.3764475e-01
  -2.4358602e-01
  -1.5660721e-01
  -8.0696767e-02
  -1.6224494e-02
   3.7890251e-02
   8.2877166e-02
   1.1989741e-01
   1.5037582e-01
   1.7608532e-01
   1.9850911e-01
   2.1765956e-01
   2.3107300e-01
   2.3377088e-01
   2.1952623e-01
   1.8306001e-01
   1.2223801e-01
   3.9274880e-02
  -5.9573591e-02
  -1.6561706e-01
  -2.6985514e-01
  -3.6472081e-01
  -4.4486741e-01
  -5.0695802e-01
  -5.4887193e-01
  -5.6891881e-01
  -5.6550209e-01
  -5.3731449e-01
  -4.8378298e-01
  -4.0530793e-01
  -3.0298637e-01
  -1.7792232e-01
  -3.0667848e-02
   1.3850517e-01
   3.2809581e-01
   5.3286287e-01
   7.4123980e-01
   9.3401955e-01
   1.0855504e+00
   1.1679788e+00
   1.1579159e+00
   1.0436988e+00
   8.3073326e-01
   5.4268173e-01
   2.1752436e-01
  -1.0066988e-01
  -3.7181225e-01
  -5.6850665e-01
  -6.8067288e-01
  -7.1487186e-01
  -6.8908812e-01
  -6.2529489e-01
  -5.4266005e-01
  -4.5361035e-01
  -3.6354894e-01
  -2.7349154e-01
  -1.8387263e-01
  -9.7607967e-02
  -2.1122349e-02
   3.6920035e-02
   6.8485348e-02
   6.9382768e-02
   4.1509458e-02
  -6.7869218e-03
  -6.2444113e-02
  -1.1095796e-01
  -1.4006118e-01
  -1.4256044e-01
  -1.1746575e-01
  -6.9236117e-02
  -5.6584338e-03
   6.4691734e-02
   1.3442572e-01
   1.9812764e-01
   2.5192325e-01
   2.9239857e-01
   3.1575356e-01
   3.1793910e-01
   2.9596843e-01
   2.4989477e-01
   1.8447033e-01
   1.0948394e-01
   3.8217147e-02
  -1.5815941e-02
  -4.2935319e-02
  -4.0785921e-02
  -1.5901783e-02
   1.7416581e-02
   4.0726950e-02
   3.6497969e-02
  -6.9188292e-03
  -9.1743161e-02
  -2.0943227e-01
  -3.4174261e-01
  -4.6394281e-01
  -5.4965460e-01
  -5.7653031e-01
  -5.3167613e-01
  -4.1551726e-01
  -2.4287720e-01
  -4.0552934e-02
   1.5841989e-01
   3.2253970e-01
   4.2953525e-01
   4.7166624e-01
   4.5692062e-01
   4.0564891e-01
   3.4363268e-01
   2.9377224e-01
   2.6909270e-01
   2.6938217e-01
   2.8256619e-01
   2.9027906e-01
   2.7558385e-01
   2.2995837e-01
   1.5685252e-01
   7.0346732e-02
  -1.0661829e-02
  -7.0442673e-02
  -1.0324348e-01
  -1.1596262e-01
  -1.2545141e-01
  -1.5155011e-01
  -2.0879064e-01
  -3.0017375e-01
  -4.1540608e-01
  -5.3404569e-01
  -6.3207006e-01
  -6.8920696e-01
  -6.9429939e-01
  -6.4694518e-01
  -5.5524440e-01
  -4.3104584e-01
  -2.8497031e-01
  -1.2339204e-01
   5.1413990e-02
   2.3818582e-01
   4.3220091e-01
   6.2163625e-01
   7.8671814e-01
   9.0254094e-01
   9.4498876e-01
   8.9793638e-01
   7.5931486e-01
   5.4392287e-01
   2.8189164e-01
   1.3029029e-02
  -2.2158193e-01
  -3.8863845e-01
  -4.7002884e-01
  -4.6660685e-01
  -3.9716272e-01
  -2.9268641e-01
  -1.8741774e-01
  -1.0923667e-01
  -7.2250025e-02
  -7.3827008e-02
  -9.6966535e-02
  -1.1716114e-01
  -1.1145498e-01
  -6.6714982e-02
   1.5539726e-02
   1.1923750e-01
   2.1867478e-01
   2.8661491e-01
   3.0289892e-01
   2.6072930e-01
   1.6857691e-01
   4.7176588e-02
  -7.7235303e-02
  -1.8105044e-01
  -2.5002436e-01
  -2.8243544e-01
  -2.8778113e-01
  -2.8169235e-01
  -2.7903711e-01
  -2.8773801e-01
  -3.0545180e-01
  -3.2011911e-01
  -3.1396922e-01
  -2.6944841e-01
  -1.7511824e-01
  -2.9841422e-02
   1.5573734e-01
   3.6061306e-01
   5.5725671e-01
   7.1690689e-01
   8.1513156e-01
   8.3648830e-01
   7.7735257e-01
   6.4641312e-01
   4.6284881e-01
   2.5264837e-01
   4.3806221e-02
  -1.3876754e-01
  -2.7776922e-01
  -3.6663208e-01
  -4.1053977e-01
  -4.2483040e-01
  -4.3074526e-01
  -4.4916399e-01
  -4.9376553e-01
  -5.6563089e-01
  -6.5126066e-01
  -7.2512652e-01
  -7.5641502e-01
  -7.1810465e-01
  -5.9559453e-01
  -3.9219093e-01
  -1.2978567e-01
   1.5546618e-01
   4.2128918e-01
   6.2910176e-01
   7.5290409e-01
   7.8482146e-01
   7.3576794e-01
   6.3113045e-01
   5.0292244e-01
   3.8093850e-01
   2.8563682e-01
   2.2472600e-01
   1.9405414e-01
   1.8191922e-01
   1.7486677e-01
   1.6277048e-01
   1.4154776e-01
   1.1296139e-01
   8.2110245e-02
   5.3975308e-02
   3.0540174e-02
   9.5809414e-03
  -1.4559001e-02
  -4.8698757e-02
  -9.8053062e-02
  -1.6401561e-01
  -2.4320330e-01
  -3.2798880e-01
  -4.0831922e-01
  -4.7429843e-01
  -5.1878818e-01
  -5.3919799e-01
  -5.3778039e-01
  -5.2017427e-01
  -4.9256939e-01
  -4.5849515e-01
  -4.1658137e-01
  -3.6045251e-01
  -2.8115671e-01
  -1.7146309e-01
  -3.0457019e-02
   1.3345397e-01
   3.0258059e-01
   4.5347141e-01
   5.6308786e-01
   6.1575322e-01
   6.0852030e-01
   5.5292375e-01
   4.7214799e-01
   3.9415075e-01
   3.4276265e-01
   3.2970066e-01
   3.5036471e-01
   3.8513130e-01
   4.0595388e-01
   3.8612271e-01
   3.0981531e-01
   1.7809851e-01
   9.3089803e-03
  -1.6628814e-01
  -3.1572610e-01
  -4.1335925e-01
  -4.4838947e-01
  -4.2748962e-01
  -3.7179320e-01
  -3.0941992e-01
  -2.6613877e-01
  -2.5721227e-01
  -2.8285568e-01
  -3.2847442e-01
  -3.6944055e-01
  -3.7898787e-01
  -3.3700036e-01
  -2.3715234e-01
  -9.0174879e-02
   7.7975178e-02
   2.3276493e-01
   3.4072185e-01
   3.7918184e-01
   3.4315507e-01
   2.4716659e-01
   1.2141982e-01
   3.2726891e-03
  -7.3635463e-02
  -8.9524489e-02
  -4.4856066e-02
   3.9154568e-02
   1.2639188e-01
   1.7663779e-01
   1.5827368e-01
   5.9090512e-02
  -1.0816161e-01
  -3.0731536e-01
  -4.8710459e-01
  -5.9395417e-01
  -5.8578619e-01
  -4.4333233e-01
  -1.7626839e-01
   1.7722610e-01
   5.5745876e-01
   8.9536060e-01
   1.1271864e+00
   1.2084741e+00
   1.1239469e+00
   8.9087265e-01
   5.5492489e-01
   1.7944314e-01
  -1.6935441e-01
  -4.3759803e-01
  -5.9558659e-01
  -6.4299107e-01
  -6.0579907e-01
  -5.2576533e-01
  -4.4577014e-01
  -3.9616217e-01
  -3.8681138e-01
  -4.0720170e-01
  -4.3361848e-01
  -4.3990862e-01
  -4.0744229e-01
  -3.3084223e-01
  -2.1811975e-01
  -8.6172031e-02
   4.5725607e-02
   1.6141403e-01
   2.5034907e-01
   3.0699499e-01
   3.2865967e-01
   3.1384522e-01
   2.6241166e-01
   1.7742775e-01
   6.7431294e-02
  -5.2516271e-02
  -1.6209528e-01
  -2.3940041e-01
  -2.6602966e-01
  -2.3194218e-01
  -1.3845996e-01
   1.5758122e-03
   1.6653829e-01
   3.3078766e-01
   4.7006970e-01
   5.6606468e-01
   6.0904276e-01
   5.9830465e-01
   5.4078374e-01
   4.4859722e-01
   3.3635137e-01
   2.1871416e-01
   1.0840545e-01
   1.4564329e-02
  -5.8485877e-02
  -1.1185974e-01
  -1.5176892e-01
  -1.8794635e-01
  -2.3089625e-01
  -2.8852019e-01
  -3.6309363e-01
  -4.4966274e-01
  -5.3655897e-01
  -6.0800042e-01
  -6.4799055e-01
  -6.4428308e-01
  -5.9124139e-01
  -4.9092269e-01
  -3.5240000e-01
  -1.8988630e-01
  -2.0430092e-02
   1.3823058e-01
   2.6948592e-01
   3.5955271e-01
   3.9934355e-01
   3.8649098e-01
   3.2696784e-01
   2.3532550e-01
   1.3267747e-01
   4.2345694e-02
  -1.5761795e-02
  -3.0138870e-02
  -1.7434303e-04
   6.4760177e-02
   1.4915732e-01
   2.3651723e-01
   3.1368801e-01
   3.7275937e-01
   4.1009151e-01
   4.2353975e-01
   4.0991370e-01
   3.6458367e-01
   2.8388321e-01
   1.6920770e-01
   3.0464983e-02
  -1.1346154e-01
  -2.3827259e-01
  -3.2093672e-01
  -3.4703751e-01
  -3.1591070e-01
  -2.4156403e-01
  -1.4899025e-01
  -6.7081221e-02
  -2.0393884e-02
  -2.2324563e-02
  -7.1793720e-02
  -1.5439431e-01
  -2.4742183e-01
  -3.2688526e-01
  -3.7407567e-01
  -3.7968963e-01
  -3.4454372e-01
  -2.7712527e-01
  -1.8926000e-01
  -9.1772809e-02
   8.0530410e-03
   1.0622398e-01
   1.9932194e-01
   2.8097978e-01
   3.3987700e-01
   3.6115117e-01
   3.3155621e-01
   2.4660068e-01
   1.1633612e-01
  -3.3570990e-02
  -1.6710443e-01
  -2.4834038e-01
  -2.5343481e-01
  -1.7955423e-01
  -4.7133442e-02
   1.0565496e-01
   2.3439637e-01
   3.0191506e-01
   2.8921059e-01
   2.0049482e-01
   6.1257421e-02
  -8.9366577e-02
  -2.0917520e-01
  -2.6339856e-01
  -2.3273200e-01
  -1.1751470e-01
   6.2390506e-02
   2.7171164e-01
   4.6700193e-01
   6.0566576e-01
   6.5507646e-01
   5.9986002e-01
   4.4552825e-01
   2.1730129e-01
  -4.5829072e-02
  -3.0030986e-01
  -5.0795936e-01
  -6.4387339e-01
  -7.0031416e-01
  -6.8591995e-01
  -6.2092050e-01
  -5.3000196e-01
  -4.3488681e-01
  -3.4860299e-01
  -2.7289197e-01
  -1.9934784e-01
  -1.1384826e-01
  -2.8967183e-03
   1.4005957e-01
   3.1025587e-01
   4.9052301e-01
   6.5388965e-01
   7.6927447e-01
   8.0889133e-01
   7.5559289e-01
   6.0837412e-01
   3.8458811e-01
   1.1803477e-01
  -1.4707376e-01
  -3.6527639e-01
  -5.0019522e-01
  -5.3342082e-01
  -4.6932736e-01
  -3.3407793e-01
  -1.6875682e-01
  -1.8488969e-02
   7.9209259e-02
   1.0338303e-01
   5.3476896e-02
  -5.2522828e-02
  -1.8439316e-01
  -3.0806979e-01
  -3.9366780e-01
  -4.2134837e-01
  -3.8423927e-01
  -2.8844846e-01
  -1.5068974e-01
   5.7426189e-03
   1.5577643e-01
   2.7718700e-01
   3.5420259e-01
   3.7961265e-01
   3.5534987e-01
   2.9177905e-01
   2.0589795e-01
   1.1848903e-01
   5.0246207e-02
   1.7243537e-02
   2.6741529e-02
   7.4828927e-02
   1.4722053e-01
   2.2346039e-01
   2.8326497e-01
   3.1265211e-01
   3.0748782e-01
   2.7315730e-01
   2.2068958e-01
   1.6109790e-01
   1.0036259e-01
   3.7159880e-02
  -3.5714466e-02
  -1.2681196e-01
  -2.4028335e-01
  -3.7136012e-01
  -5.0507520e-01
  -6.1900369e-01
  -6.8928284e-01
  -6.9794903e-01
  -6.3914103e-01
  -5.2206542e-01
  -3.6958976e-01
  -2.1258306e-01
  -8.1367944e-02
   3.3580797e-03
   3.7305620e-02
   3.4590498e-02
   2.3721021e-02
   3.8302350e-02
   1.0516925e-01
   2.3387023e-01
   4.1130471e-01
   6.0380157e-01
   7.6645088e-01
   8.5684816e-01
   8.4856981e-01
   7.3954037e-01
   5.5226018e-01
   3.2599034e-01
   1.0407184e-01
  -7.8786270e-02
  -2.0481939e-01
  -2.7481498e-01
  -3.0348270e-01
  -3.1123154e-01
  -3.1579299e-01
  -3.2653622e-01
  -3.4289620e-01
  -3.5672954e-01
  -3.5712404e-01
  -3.3554394e-01
  -2.8934688e-01
  -2.2257489e-01
  -1.4413833e-01
  -6.4536412e-02
   7.3672819e-03
   6.6349610e-02
   1.1119380e-01
   1.4367574e-01
   1.6678764e-01
   1.8287110e-01
   1.9222309e-01
   1.9255194e-01
   1.7939683e-01
   1.4731697e-01
   9.1434735e-02
   8.9131116e-03
  -9.9843578e-02
  -2.3021508e-01
  -3.7248935e-01
  -5.1122285e-01
  -6.2546213e-01
  -6.9073018e-01
  -6.8331660e-01
  -5.8638486e-01
  -3.9620828e-01
  -1.2616509e-01
   1.9353707e-01
   5.2106567e-01
   8.1188261e-01
   1.0286185e+00
   1.1486691e+00
   1.1671795e+00
   1.0949742e+00
   9.5292689e-01
   7.6528512e-01
   5.5421840e-01
   3.3676407e-01
   1.2416265e-01
  -7.7139025e-02
  -2.6369931e-01
  -4.3321521e-01
  -5.8302162e-01
  -7.0917904e-01
  -8.0622695e-01
  -8.6761432e-01
  -8.8679186e-01
  -8.5886007e-01
  -7.8244357e-01
  -6.6119783e-01
  -5.0427481e-01
  -3.2533995e-01
  -1.4028789e-01
   3.5610812e-02
   1.9009920e-01
   3.1501723e-01
   4.0587479e-01
   4.6047906e-01
   4.7763903e-01
   4.5682895e-01
   3.9902389e-01
   3.0812426e-01
   1.9195628e-01
   6.2044554e-02
  -6.7936747e-02
  -1.8438576e-01
  -2.7573304e-01
  -3.3352403e-01
  -3.5265133e-01
  -3.3127187e-01
  -2.7101951e-01
  -1.7776013e-01
  -6.2524315e-02
   5.8304832e-02
   1.6460981e-01
   2.3648474e-01
   2.5993401e-01
   2.3262591e-01
   1.6747140e-01
   9.2147438e-02
   4.3783632e-02
   5.9507482e-02
   1.6498561e-01
   3.6410260e-01
   6.3310430e-01
   9.2169239e-01
   1.1618364e+00
   1.2829260e+00
   1.2298898e+00
   9.7958320e-01
   5.5055772e-01
   2.5740065e-03
  -5.7514947e-01
  -1.0845233e+00
  -1.4424433e+00
  -1.6008032e+00
  -1.5564937e+00
  -1.3485318e+00
  -1.0438737e+00
  -7.1713432e-01
  -4.3092326e-01
  -2.2250781e-01
  -9.9756637e-02
  -4.6034712e-02
  -3.1031707e-02
  -2.3173400e-02
   4.5943212e-04
   4.9201352e-02
   1.1923403e-01
   1.9796338e-01
   2.7004316e-01
   3.2281504e-01
   3.4965057e-01
   3.5067322e-01
   3.3128042e-01
   2.9950612e-01
   2.6342538e-01
   2.2952028e-01
   2.0234387e-01
   1.8516003e-01
   1.8077067e-01
   1.9168622e-01
   2.1921558e-01
   2.6177819e-01
   3.1337725e-01
   3.6330622e-01
   3.9766540e-01
   4.0243122e-01
   3.6713469e-01
   2.8798635e-01
   1.6951457e-01
   2.4254521e-02
  -1.2945065e-01
  -2.7100894e-01
  -3.8165927e-01
  -4.4815418e-01
  -4.6527250e-01
  -4.3665591e-01
  -3.7377309e-01
  -2.9317687e-01
  -2.1262207e-01
  -1.4695144e-01
  -1.0479554e-01
  -8.6997076e-02
  -8.7254413e-02
  -9.4838657e-02
  -9.8547110e-02
  -9.0592581e-02
  -6.9114128e-02
  -3.8457559e-02
  -7.1757284e-03
   1.5429018e-02
   2.2827043e-02
   1.3481966e-02
  -8.9694928e-03
  -3.7404172e-02
  -6.3853973e-02
  -8.1975982e-02
  -8.8537866e-02
  -8.3645247e-02
  -6.9906821e-02
  -5.1025572e-02
  -3.0393715e-02
  -1.0124111e-02
   9.3401610e-03
   2.9120714e-02
   5.1436824e-02
   7.8891733e-02
   1.1366278e-01
   1.5680174e-01
   2.0782182e-01
   2.6461112e-01
   3.2355595e-01
   3.7970540e-01
   4.2693966e-01
   4.5835168e-01
   4.6717854e-01
   4.4841864e-01
   4.0078704e-01
   3.2817591e-01
   2.3963317e-01
   1.4727025e-01
   6.2420203e-02
  -8.5887613e-03
  -6.7105444e-02
  -1.2170547e-01
  -1.8436892e-01
  -2.6471798e-01
  -3.6488082e-01
  -4.7742132e-01
  -5.8736650e-01
  -6.7740485e-01
  -7.3385373e-01
  -7.5073315e-01
  -7.3030146e-01
  -6.8013171e-01
  -6.0838303e-01
  -5.1965906e-01
  -4.1349787e-01
  -2.8628971e-01
  -1.3577489e-01
   3.4069784e-02
   2.1032411e-01
   3.7230466e-01
   4.9662133e-01
   5.6436734e-01
   5.6774209e-01
   5.1356000e-01
   4.2223648e-01
   3.2251191e-01
   2.4370287e-01
   2.0800831e-01
   2.2512192e-01
   2.9044612e-01
   3.8709551e-01
   4.9089944e-01
   5.7684513e-01
   6.2503147e-01
   6.2448098e-01
   5.7405046e-01
   4.8075516e-01
   3.5657321e-01
   2.1499711e-01
   6.8329823e-02
  -7.3809664e-02
  -2.0488738e-01
  -3.2125871e-01
  -4.2185158e-01
  -5.0782944e-01
  -5.8194912e-01
  -6.4729548e-01
  -7.0546604e-01
  -7.5481827e-01
  -7.8966205e-01
  -8.0102458e-01
  -7.7894497e-01
  -7.1558417e-01
  -6.0813943e-01
  -4.6068037e-01
  -2.8436284e-01
  -9.5859375e-02
   8.5732833e-02
   2.4277771e-01
   3.6267773e-01
   4.3999503e-01
   4.7641343e-01
   4.7868508e-01
   4.5556783e-01
   4.1516619e-01
   3.6378977e-01
   3.0657940e-01
   2.4917108e-01
   1.9907410e-01
   1.6553279e-01
   1.5739834e-01
   1.7962689e-01
   2.2993555e-01
   2.9741376e-01
   3.6427475e-01
   4.1060816e-01
   4.2054840e-01
   3.8745635e-01
   3.1599386e-01
   2.2022965e-01
   1.1853391e-01
   2.7248633e-02
  -4.4537545e-02
  -9.7368507e-02
  -1.4036458e-01
  -1.8733195e-01
  -2.5145315e-01
  -3.4025569e-01
  -4.5235334e-01
  -5.7688865e-01
  -6.9580183e-01
  -7.8819673e-01
  -8.3545862e-01
  -8.2565305e-01
  -7.5611124e-01
  -6.3373538e-01
  -4.7314040e-01
  -2.9315469e-01
  -1.1248128e-01
   5.4459464e-02
   2.0039440e-01
   3.2587051e-01
   4.3741288e-01
   5.4361932e-01
   6.5035214e-01
   7.5661536e-01
   8.5270516e-01
   9.2169105e-01
   9.4423454e-01
   9.0540286e-01
   8.0099998e-01
   6.4069517e-01
   4.4627841e-01
   2.4538904e-01
   6.3071182e-02
  -8.5524034e-02
  -1.9850068e-01
  -2.8555700e-01
  -3.6225617e-01
  -4.4270416e-01
  -5.3356008e-01
  -6.3156907e-01
  -7.2520497e-01
  -7.9922525e-01
  -8.3980276e-01
  -8.3796328e-01
  -7.9025605e-01
  -6.9724239e-01
  -5.6158989e-01
  -3.8763726e-01
  -1.8317520e-01
   3.7521267e-02
   2.5167423e-01
   4.2933676e-01
   5.3911458e-01
   5.5722697e-01
   4.7698581e-01
   3.1499119e-01
   1.1102505e-01
  -7.9458186e-02
  -1.9887400e-01
  -2.0353458e-01
  -7.7421032e-02
   1.6087346e-01
   4.6099907e-01
   7.5361062e-01
   9.6970706e-01
   1.0604936e+00
   1.0110409e+00
   8.4297627e-01
   6.0536901e-01
   3.5724354e-01
   1.4799129e-01
   2.3171054e-03
  -8.5621972e-02
  -1.4749965e-01
  -2.2742246e-01
  -3.6416827e-01
  -5.7460266e-01
  -8.4370517e-01
  -1.1250213e+00
  -1.3523008e+00
  -1.4592888e+00
  -1.4013875e+00
  -1.1716211e+00
  -8.0485030e-01
  -3.6823025e-01
   5.8988381e-02
   4.0916191e-01
   6.4502624e-01
   7.6707099e-01
   8.0736005e-01
   8.1263972e-01
   8.2352286e-01
   8.5800353e-01
   9.0568577e-01
   9.3434404e-01
   9.0499375e-01
   7.8848426e-01
   5.7716962e-01
   2.8833898e-01
  -4.0512926e-02
  -3.6221725e-01
  -6.3272577e-01
  -8.2222310e-01
  -9.2116507e-01
  -9.3956045e-01
  -9.0017819e-01
  -8.2843010e-01
  -7.4271751e-01
  -6.4875946e-01
  -5.3989480e-01
  -4.0300002e-01
  -2.2735928e-01
  -1.2595246e-02
   2.2776208e-01
   4.6852868e-01
   6.7986725e-01
   8.3600141e-01
   9.2204331e-01
   9.3632931e-01
   8.8773329e-01
   7.8968629e-01
   6.5408218e-01
   4.8817208e-01
   2.9589506e-01
   8.2628922e-02
  -1.3967960e-01
  -3.5053959e-01
  -5.2417879e-01
  -6.3728385e-01
  -6.7771117e-01
  -6.4973096e-01
  -5.7296282e-01
  -4.7533781e-01
  -3.8326652e-01
  -3.1321687e-01
  -2.6786416e-01
  -2.3770850e-01
  -2.0677064e-01
  -1.5964804e-01
  -8.7234822e-02
   1.0483982e-02
   1.2470328e-01
   2.4024508e-01
   3.3905674e-01
   4.0400993e-01
   4.2268451e-01
   3.9083348e-01
   3.1481192e-01
   2.1191374e-01
   1.0781014e-01
   3.1143390e-02
   6.3318100e-03
   4.6325842e-02
   1.4730093e-01
   2.8713788e-01
   4.2896496e-01
   5.2985182e-01
   5.5299686e-01
   4.7993930e-01
   3.1834664e-01
   1.0162722e-01
  -1.2079941e-01
  -3.0004540e-01
  -4.0529857e-01
  -4.3531440e-01
  -4.1858244e-01
  -4.0137265e-01
  -4.2820560e-01
  -5.2280920e-01
  -6.7738550e-01
  -8.5417129e-01
  -9.9798648e-01
  -1.0543558e+00
  -9.8643263e-01
  -7.8536448e-01
  -4.7181390e-01
  -8.9599536e-02
   3.0538867e-01
   6.5725168e-01
   9.2015095e-01
   1.0648722e+00
   1.0817547e+00
   9.8067474e-01
   7.8887102e-01
   5.4696444e-01
   3.0302719e-01
   1.0457514e-01
  -1.0834703e-02
  -2.4480107e-02
   5.7941673e-02
   2.0647909e-01
   3.7369692e-01
   5.0662424e-01
   5.6054428e-01
   5.1062604e-01
   3.5818591e-01
   1.3015029e-01
  -1.2772277e-01
  -3.6182126e-01
  -5.2313528e-01
  -5.7848002e-01
  -5.1822259e-01
  -3.5898893e-01
  -1.4076439e-01
   8.1186182e-02
   2.4816206e-01
   3.1131422e-01
   2.4342190e-01
   4.6147698e-02
  -2.4944849e-01
  -5.8968134e-01
  -9.1066154e-01
  -1.1528779e+00
  -1.2738237e+00
  -1.2554616e+00
  -1.1052718e+00
  -8.5167028e-01
  -5.3591046e-01
  -2.0291452e-01
   1.0697850e-01
   3.6412766e-01
   5.5302242e-01
   6.7285693e-01
   7.3525149e-01
   7.5945225e-01
   7.6599523e-01
   7.7052855e-01
   7.7968432e-01
   7.9025222e-01
   7.9166086e-01
   7.7055826e-01
   7.1572444e-01
   6.2184848e-01
   4.9146994e-01
   3.3496749e-01
   1.6860628e-01
   1.0704431e-02
  -1.2351616e-01
  -2.2687344e-01
  -3.0272007e-01
  -3.6311341e-01
  -4.2252089e-01
  -4.8932109e-01
  -5.5902959e-01
  -6.1294623e-01
  -6.2370357e-01
  -5.6608464e-01
  -4.2901288e-01
  -2.2389736e-01
   1.4263609e-02
   2.3406520e-01
   3.8133134e-01
   4.1511801e-01
   3.2102400e-01
   1.1731492e-01
  -1.4861927e-01
  -4.1296747e-01
  -6.1374977e-01
  -7.0886696e-01
  -6.8795297e-01
  -5.7397559e-01
  -4.1404411e-01
  -2.6267283e-01
  -1.6335949e-01
  -1.3476392e-01
  -1.6591526e-01
  -2.2153152e-01
  -2.5497124e-01
  -2.2381937e-01
  -1.0254856e-01
   1.1169362e-01
   4.0104131e-01
   7.3429222e-01
   1.0754859e+00
   1.3896447e+00
   1.6438812e+00
   1.8053090e+00
   1.8396771e+00
   1.7148117e+00
   1.4104071e+00
   9.3161646e-01
   3.2033834e-01
  -3.4292899e-01
  -9.5125943e-01
  -1.3965340e+00
  -1.6004349e+00
  -1.5399545e+00
  -1.2570159e+00
  -8.4745747e-01
  -4.3262113e-01
  -1.2351007e-01
   9.9163046e-03
  -4.5870912e-02
  -2.5195769e-01
  -5.3712464e-01
  -8.2530078e-01
  -1.0595888e+00
  -1.2144448e+00
  -1.2930518e+00
  -1.3132141e+00
  -1.2895930e+00
  -1.2209780e+00
  -1.0883332e+00
  -8.6412619e-01
  -5.2836363e-01
  -8.3906140e-02
   4.3604807e-01
   9.7222557e-01
   1.4543539e+00
   1.8214972e+00
   2.0397497e+00
   2.1105343e+00
   2.0668805e+00
   1.9600346e+00
   1.8421494e+00
   1.7512520e+00
   1.7025748e+00
   1.6872326e+00
   1.6767929e+00
   1.6313059e+00
   1.5086025e+00
   1.2733461e+00
   9.0476937e-01
   4.0216734e-01
  -2.1265471e-01
  -8.9647688e-01
  -1.5893467e+00
  -2.2223785e+00
  -2.7277498e+00
  -3.0496340e+00
  -3.1545297e+00
  -3.0391575e+00
  -2.7338415e+00
  -2.2993650e+00
  -1.8161717e+00
  -1.3668749e+00
  -1.0159648e+00
  -7.9294434e-01
  -6.8516583e-01
  -6.4363384e-01
  -6.0013471e-01
  -4.8971784e-01
  -2.7090242e-01
   6.2566941e-02
   4.8119209e-01
   9.2946681e-01
   1.3420950e+00
   1.6615248e+00
   1.8518794e+00
   1.9059038e+00
   1.8437984e+00
   1.7051295e+00
   1.5367549e+00
   1.3804094e+00
   1.2631579e+00
   1.1927647e+00
   1.1586755e+00
   1.1380488e+00
   1.1050260e+00
   1.0403070e+00
   9.3763551e-01
   8.0466300e-01
   6.5788415e-01
   5.1393107e-01
   3.8106501e-01
   2.5438555e-01
   1.1645318e-01
  -5.7200074e-02
  -2.8982108e-01
  -5.9519597e-01
  -9.7178977e-01
  -1.4006076e+00
  -1.8469446e+00
  -2.2653276e+00
  -2.6065622e+00
  -2.8257106e+00
  -2.8897543e+00
  -2.7835381e+00
  -2.5125707e+00
  -2.1016849e+00
  -1.5896142e+00
  -1.0209347e+00
  -4.3787762e-01
   1.2546151e-01
   6.4508927e-01
   1.1053841e+00
   1.4950447e+00
   1.8027946e+00
   2.0150989e+00
   2.1175376e+00
   2.0998654e+00
   1.9627409e+00
   1.7228496e+00
   1.4135079e+00
   1.0796598e+00
   7.6853418e-01
   5.1905781e-01
   3.5363425e-01
   2.7488777e-01
   2.6793282e-01
   3.0668216e-01
   3.6154387e-01
   4.0586864e-01
   4.1944128e-01
   3.8871922e-01
   3.0492924e-01
   1.6202273e-01
  -4.3592706e-02
  -3.1076089e-01
  -6.2961834e-01
  -9.7817978e-01
  -1.3218734e+00
  -1.6173973e+00
  -1.8205810e+00
  -1.8963827e+00
  -1.8282549e+00
  -1.6240028e+00
  -1.3159329e+00
  -9.5450183e-01
  -5.9661158e-01
  -2.9159474e-01
  -6.9043421e-02
   6.7636583e-02
   1.3979716e-01
   1.8474449e-01
   2.4263042e-01
   3.4356430e-01
   4.9920425e-01
   7.0120802e-01
   9.2622495e-01
   1.1447291e+00
   1.3298906e+00
   1.4632280e+00
   1.5356306e+00
   1.5445981e+00
   1.4901554e+00
   1.3721428e+00
   1.1904448e+00
   9.4787376e-01
   6.5382527e-01
   3.2626174e-01
  -9.6860887e-03
  -3.2658780e-01
  -6.0140492e-01
  -8.2122792e-01
  -9.8532256e-01
  -1.1022261e+00
  -1.1830917e+00
  -1.2346468e+00
  -1.2556057e+00
  -1.2386142e+00
  -1.1766391e+00
  -1.0699893e+00
  -9.2959058e-01
  -7.7418003e-01
  -6.2257275e-01
  -4.8505087e-01
  -3.5863568e-01
  -2.2919895e-01
  -8.0028212e-02
   9.6779164e-02
   2.9139347e-01
   4.7452949e-01
   6.0503476e-01
   6.4509236e-01
   5.7763337e-01
   4.1857586e-01
   2.1766499e-01
   4.6052958e-02
  -2.5549544e-02
   4.9793593e-02
   2.7889138e-01
   6.2457361e-01
   1.0152257e+00
   1.3642519e+00
   1.5931974e+00
   1.6515412e+00
   1.5276193e+00
   1.2482610e+00
   8.6838586e-01
   4.5468585e-01
   6.8665448e-02
  -2.4636484e-01
  -4.7163531e-01
  -6.1213711e-01
  -6.9015204e-01
  -7.3573924e-01
  -7.7720418e-01
  -8.3409416e-01
  -9.1406567e-01
  -1.0134828e+00
  -1.1204458e+00
  -1.2185820e+00
  -1.2903909e+00
  -1.3197803e+00
  -1.2940710e+00
  -1.2058078e+00
  -1.0542719e+00
  -8.4610356e-01
  -5.9439816e-01
  -3.1617445e-01
  -2.8931321e-02
   2.5243867e-01
   5.1720138e-01
   7.5835359e-01
   9.7073409e-01
   1.1488329e+00
   1.2854725e+00
   1.3720338e+00
   1.4002160e+00
   1.3647355e+00
   1.2659958e+00
   1.1116507e+00
   9.1623391e-01
   6.9867509e-01
   4.7837191e-01
   2.7113560e-01
   8.6436489e-02
  -7.3118212e-02
  -2.0999840e-01
  -3.2841275e-01
  -4.3069813e-01
  -5.1482907e-01
  -5.7411547e-01
  -5.9941822e-01
  -5.8322209e-01
  -5.2399349e-01
  -4.2883718e-01
  -3.1292040e-01
  -1.9551731e-01
  -9.4294645e-02
  -2.0550455e-02
   2.2321483e-02
   3.6701384e-02
   2.6584065e-02
  -5.9766448e-03
  -6.1814090e-02
  -1.4267512e-01
  -2.4765019e-01
  -3.7004611e-01
  -4.9638982e-01
  -6.0822076e-01
  -6.8614048e-01
  -7.1468748e-01
  -6.8629396e-01
  -6.0294899e-01
  -4.7507224e-01
  -3.1814619e-01
  -1.4845955e-01
   2.0449665e-02
   1.7951776e-01
   3.2384895e-01
   4.5111681e-01
   5.5984560e-01
   6.4848770e-01
   7.1550087e-01
   7.5994723e-01
   7.8188998e-01
   7.8213574e-01
   7.6141825e-01
   7.1956038e-01
   6.5521406e-01
   5.6646717e-01
   4.5217636e-01
   3.1359886e-01
   1.5583320e-01
  -1.1377361e-02
  -1.7391447e-01
  -3.1503065e-01
  -4.1866299e-01
  -4.7367712e-01
  -4.7756586e-01
  -4.3782129e-01
  -3.6988812e-01
  -2.9212030e-01
  -2.1970575e-01
  -1.6016748e-01
  -1.1236583e-01
  -6.9281130e-02
  -2.3136516e-02
   2.9522531e-02
   8.4966905e-02
   1.3267440e-01
   1.5855928e-01
   1.4956139e-01
   9.7824784e-02
   3.1339773e-03
  -1.2691778e-01
  -2.7875722e-01
  -4.3581049e-01
  -5.8153221e-01
  -7.0152264e-01
  -7.8429152e-01
  -8.2093105e-01
  -8.0449992e-01
  -7.2999074e-01
  -5.9531271e-01
  -4.0304772e-01
  -1.6221579e-01
   1.1087448e-01
   3.9341851e-01
   6.5881444e-01
   8.8089346e-01
   1.0386806e+00
   1.1203276e+00
   1.1249790e+00
   1.0619346e+00
   9.4737669e-01
   7.9978409e-01
   6.3560212e-01
   4.6656828e-01
   2.9938408e-01
   1.3748074e-01
  -1.6177231e-02
  -1.5667635e-01
  -2.7635277e-01
  -3.6613513e-01
  -4.1862457e-01
  -4.3168479e-01
  -4.1094355e-01
  -3.6987103e-01
  -3.2695132e-01
  -3.0059795e-01
  -3.0343936e-01
  -3.3800355e-01
  -3.9546598e-01
  -4.5809179e-01
  -5.0468351e-01
  -5.1724994e-01
  -4.8666561e-01
  -4.1544287e-01
  -3.1672868e-01
  -2.0989936e-01
  -1.1424216e-01
  -4.2824549e-02
   1.4377267e-03
   2.6257780e-02
   4.6888741e-02
   8.0507309e-02
   1.3990835e-01
   2.2857005e-01
   3.3871883e-01
   4.5305924e-01
   5.4964783e-01
   6.0839017e-01
   6.1714913e-01
   5.7558048e-01
   4.9547923e-01
   3.9743190e-01
   3.0467545e-01
   2.3597304e-01
   1.9972904e-01
   1.9127189e-01
   1.9426756e-01
   1.8591357e-01
   1.4436822e-01
   5.6163281e-02
  -7.8697692e-02
  -2.4561552e-01
  -4.1870565e-01
  -5.6757364e-01
  -6.6545709e-01
  -6.9625701e-01
  -6.5847154e-01
  -5.6512981e-01
  -4.4003094e-01
  -3.1151617e-01
  -2.0546104e-01
  -1.3919207e-01
  -1.1769791e-01
  -1.3292357e-01
  -1.6623251e-01
  -1.9343874e-01
  -1.9126218e-01
  -1.4372041e-01
  -4.6896812e-02
   8.9231981e-02
   2.4264814e-01
   3.8468871e-01
   4.8781830e-01
   5.3369656e-01
   5.1902484e-01
   4.5701162e-01
   3.7352006e-01
   2.9876110e-01
   2.5713071e-01
   2.5871548e-01
   2.9561350e-01
   3.4457535e-01
   3.7515877e-01
   3.6053471e-01
   2.8711229e-01
   1.5962360e-01
  -3.4053205e-05
