   1.3311141e-08
  -1.4780019e-06
  -2.7981263e-06
  -3.7170904e-06
  -3.9312763e-06
  -3.1406735e-06
  -1.1877212e-06
   1.8242092e-06
   5.5105003e-06
   9.3156261e-06
   1.2719557e-05
   1.5449521e-05
   1.7591696e-05
   1.9535946e-05
   2.1763376e-05
   2.4563984e-05
   2.7809782e-05
   3.0887545e-05
   3.2827895e-05
   3.2589114e-05
   2.9398116e-05
   2.3032938e-05
   1.3951328e-05
   3.2203177e-06
  -7.7331800e-06
  -1.7471538e-05
  -2.4883815e-05
  -2.9406864e-05
  -3.1070541e-05
  -3.0373499e-05
  -2.8056971e-05
  -2.4874259e-05
  -2.1439755e-05
  -1.8190122e-05
  -1.5429902e-05
  -1.3398905e-05
  -1.2307234e-05
  -1.2321588e-05
  -1.3520580e-05
  -1.5845134e-05
  -1.9057499e-05
  -2.2709683e-05
  -2.6123577e-05
  -2.8398498e-05
  -2.8474124e-05
  -2.5273909e-05
  -1.7930319e-05
  -6.0549910e-06
   1.0018404e-05
   2.9104164e-05
   4.9214542e-05
   6.7810926e-05
   8.2218712e-05
   9.0114545e-05
   8.9964361e-05
   8.1299093e-05
   6.4765201e-05
   4.1962760e-05
   1.5151626e-05
  -1.3067843e-05
  -4.0021604e-05
  -6.3161996e-05
  -8.0244355e-05
  -8.9537269e-05
  -9.0083560e-05
  -8.1959206e-05
  -6.6421608e-05
  -4.5833455e-05
  -2.3303291e-05
  -2.0788215e-06
   1.5171428e-05
   2.6984844e-05
   3.3429874e-05
   3.5988517e-05
   3.6989532e-05
   3.8744432e-05
   4.2660347e-05
   4.8635887e-05
   5.4968851e-05
   5.8840485e-05
   5.7243660e-05
   4.8059949e-05
   3.0923774e-05
   7.5695252e-06
  -1.8477911e-05
  -4.2792855e-05
  -6.1245218e-05
  -7.1118279e-05
  -7.1782206e-05
  -6.4711084e-05
  -5.2864126e-05
  -3.9672915e-05
  -2.7999500e-05
  -1.9411301e-05
  -1.3973921e-05
  -1.0558642e-05
  -7.4835874e-06
  -3.2230826e-06
   3.0535510e-06
   1.1248336e-05
   2.0418635e-05
   2.9100109e-05
   3.5747847e-05
   3.9172910e-05
   3.8870376e-05
   3.5163896e-05
   2.9131982e-05
   2.2332231e-05
   1.6390359e-05
   1.2556984e-05
   1.1347069e-05
   1.2361017e-05
   1.4345148e-05
   1.5492994e-05
   1.3931474e-05
   8.2897636e-06
  -1.7801498e-06
  -1.5271701e-05
  -2.9806463e-05
  -4.2006326e-05
  -4.8236773e-05
  -4.5581389e-05
  -3.2796231e-05
  -1.0941505e-05
   1.6562523e-05
   4.4552529e-05
   6.7290246e-05
   7.9857145e-05
   7.9348093e-05
   6.5485396e-05
   4.0470877e-05
   8.1686395e-06
  -2.7045542e-05
  -6.1325502e-05
  -9.1922147e-05
  -1.1714154e-04
  -1.3583596e-04
  -1.4677504e-04
  -1.4828545e-04
  -1.3840686e-04
  -1.1555466e-04
  -7.9428097e-05
  -3.1775698e-05
   2.3324793e-05
   7.9838950e-05
   1.3074979e-04
   1.6939782e-04
   1.9084246e-04
   1.9288752e-04
   1.7649769e-04
   1.4549509e-04
   1.0562065e-04
   6.3220898e-05
   2.3921798e-05
  -8.3586255e-06
  -3.1830735e-05
  -4.6655753e-05
  -5.4333830e-05
  -5.6936755e-05
  -5.6460735e-05
  -5.4467089e-05
  -5.2025859e-05
  -4.9849464e-05
  -4.8449334e-05
  -4.8178556e-05
  -4.9115213e-05
  -5.0851820e-05
  -5.2336587e-05
  -5.1922196e-05
  -4.7705305e-05
  -3.8110999e-05
  -2.2547376e-05
  -1.8886203e-06
   2.1424314e-05
   4.3759837e-05
   6.1088942e-05
   6.9995937e-05
   6.8618516e-05
   5.7219876e-05
   3.8185589e-05
   1.5415611e-05
  -6.7091273e-06
  -2.4448188e-05
  -3.5537473e-05
  -3.9476968e-05
  -3.7228815e-05
  -3.0521148e-05
  -2.1097776e-05
  -1.0238292e-05
   1.2942294e-06
   1.2957882e-05
   2.4055250e-05
   3.3577123e-05
   4.0425670e-05
   4.3923159e-05
   4.4285634e-05
   4.2684374e-05
   4.0699768e-05
   3.9323434e-05
   3.7992422e-05
   3.4238100e-05
   2.4314490e-05
   4.7240146e-06
  -2.5904588e-05
  -6.5384451e-05
  -1.0769359e-04
  -1.4415009e-04
  -1.6576584e-04
  -1.6600822e-04
  -1.4298558e-04
  -1.0024538e-04
  -4.5875500e-05
   9.7775275e-06
   5.6980676e-05
   8.9136633e-05
   1.0422160e-04
   1.0482809e-04
   9.6946910e-05
   8.7937045e-05
   8.4266490e-05
   8.9590502e-05
   1.0362043e-04
   1.2206224e-04
   1.3767907e-04
   1.4226958e-04
   1.2909619e-04
   9.5118116e-05
   4.2356294e-05
  -2.2111039e-05
  -8.7653331e-05
  -1.4274039e-04
  -1.7796157e-04
  -1.8845156e-04
  -1.7494426e-04
  -1.4316469e-04
  -1.0186270e-04
  -6.0238579e-05
  -2.5638156e-05
  -2.1825705e-06
   9.4260826e-06
   1.1119754e-05
   6.1804108e-06
  -2.0041992e-06
  -1.0748596e-05
  -1.8302976e-05
  -2.3633479e-05
  -2.6028126e-05
  -2.4809684e-05
  -1.9311185e-05
  -9.1014415e-06
   5.6758484e-06
   2.4022119e-05
   4.3994493e-05
   6.2864130e-05
   7.7516721e-05
   8.5046086e-05
   8.3446521e-05
   7.2255133e-05
   5.2954540e-05
   2.8950365e-05
   5.0149526e-06
  -1.3751515e-05
  -2.3195580e-05
  -2.1243250e-05
  -8.5273106e-06
   1.1700190e-05
   3.4350736e-05
   5.3737253e-05
   6.4896415e-05
   6.4635013e-05
   5.2076101e-05
   2.8671385e-05
  -2.1952289e-06
  -3.5826987e-05
  -6.6914999e-05
  -9.0269297e-05
  -1.0158599e-04
  -9.8235687e-05
  -7.9971270e-05
  -4.9353877e-05
  -1.1658615e-05
   2.5898208e-05
   5.5571058e-05
   7.0850126e-05
   6.8105207e-05
   4.7602721e-05
   1.3547795e-05
  -2.6898844e-05
  -6.5352743e-05
  -9.4178339e-05
  -1.0814144e-04
  -1.0531825e-04
  -8.7104535e-05
  -5.7458291e-05
  -2.1712667e-05
   1.4650296e-05
   4.6962527e-05
   7.1928917e-05
   8.7793653e-05
   9.4212595e-05
   9.1954084e-05
   8.2538237e-05
   6.7890698e-05
   5.0040666e-05
   3.0865532e-05
   1.1895769e-05
  -5.7826206e-06
  -2.1495177e-05
  -3.4823158e-05
  -4.5387869e-05
  -5.2676897e-05
  -5.6009454e-05
  -5.4686721e-05
  -4.8294145e-05
  -3.7044972e-05
  -2.2011180e-05
  -5.1064990e-06
   1.1230969e-05
   2.4591494e-05
   3.3214466e-05
   3.6467246e-05
   3.5006355e-05
   3.0544826e-05
   2.5283991e-05
   2.1191225e-05
   1.9368228e-05
   1.9727618e-05
   2.1086490e-05
   2.1637095e-05
   1.9624678e-05
   1.3997469e-05
   4.8120762e-06
  -6.7331314e-06
  -1.8639058e-05
  -2.8706381e-05
  -3.5204372e-05
  -3.7396625e-05
  -3.5750555e-05
  -3.1749683e-05
  -2.7355811e-05
  -2.4293915e-05
  -2.3407997e-05
  -2.4324463e-05
  -2.5554349e-05
  -2.5001934e-05
  -2.0695623e-05
  -1.1488722e-05
   2.4846881e-06
   1.9711252e-05
   3.7564949e-05
   5.2870550e-05
   6.2641168e-05
   6.4821287e-05
   5.8837886e-05
   4.5778562e-05
   2.8101893e-05
   8.9364190e-06
  -8.8105153e-06
  -2.3215841e-05
  -3.3691988e-05
  -4.0806267e-05
  -4.5668710e-05
  -4.9164425e-05
  -5.1362755e-05
  -5.1354952e-05
  -4.7593567e-05
  -3.8604497e-05
  -2.3793477e-05
  -4.0245715e-06
   1.8277364e-05
   3.9579096e-05
   5.6118785e-05
   6.4922547e-05
   6.4617217e-05
   5.5779335e-05
   4.0727764e-05
   2.2848907e-05
   5.6781385e-06
  -7.9843161e-06
  -1.6675611e-05
  -2.0441725e-05
  -2.0561577e-05
  -1.8935886e-05
  -1.7346146e-05
  -1.6823709e-05
  -1.7332112e-05
  -1.7862052e-05
  -1.6896914e-05
  -1.3075699e-05
  -5.8082123e-06
   4.3878104e-06
   1.5958797e-05
   2.6776840e-05
   3.4821836e-05
   3.8826680e-05
   3.8637497e-05
   3.5149725e-05
   2.9849545e-05
   2.4149773e-05
   1.8790234e-05
   1.3540536e-05
   7.3175391e-06
  -1.3321485e-06
  -1.3568458e-05
  -2.9657024e-05
  -4.8646118e-05
  -6.8433938e-05
  -8.6203321e-05
  -9.9081212e-05
  -1.0481759e-04
  -1.0228951e-04
  -9.1704077e-05
  -7.4464109e-05
  -5.2745955e-05
  -2.8912203e-05
  -4.9349885e-06
   1.7985018e-05
   3.9476130e-05
   5.9717697e-05
   7.8944941e-05
   9.6944453e-05
   1.1275887e-04
   1.2474328e-04
   1.3097703e-04
   1.2988380e-04
   1.2081358e-04
   1.0434514e-04
   8.2186376e-05
   5.6726682e-05
   3.0438622e-05
   5.3645347e-06
  -1.7149706e-05
  -3.6442548e-05
  -5.2332526e-05
  -6.4863847e-05
  -7.4128359e-05
  -8.0224306e-05
  -8.3329244e-05
  -8.3801156e-05
  -8.2207360e-05
  -7.9223663e-05
  -7.5425712e-05
  -7.1068846e-05
  -6.5978786e-05
  -5.9632872e-05
  -5.1417920e-05
  -4.0955327e-05
  -2.8339757e-05
  -1.4171509e-05
   6.3818593e-07
   1.5192119e-05
   2.8890281e-05
   4.1509628e-05
   5.3014680e-05
   6.3171717e-05
   7.1156808e-05
   7.5389202e-05
   7.3761742e-05
   6.4294208e-05
   4.6053184e-05
   2.0029295e-05
  -1.0398128e-05
  -3.9707396e-05
  -6.1285554e-05
  -6.9092733e-05
  -5.9484188e-05
  -3.2605303e-05
   7.1475955e-06
   5.1834391e-05
   9.1708983e-05
   1.1752633e-04
   1.2279909e-04
   1.0542713e-04
   6.8317068e-05
   1.8866150e-05
  -3.2571558e-05
  -7.4926302e-05
  -9.8913715e-05
  -9.9262844e-05
  -7.6120074e-05
  -3.5174566e-05
   1.3683012e-05
   5.8926429e-05
   9.0481908e-05
   1.0236828e-04
   9.4013234e-05
   6.9821109e-05
   3.7204780e-05
   3.8554187e-06
  -2.4728300e-05
  -4.6596818e-05
  -6.3232837e-05
  -7.8196895e-05
  -9.5202007e-05
  -1.1638356e-04
  -1.4131512e-04
  -1.6695202e-04
  -1.8834872e-04
  -1.9981008e-04
  -1.9613285e-04
  -1.7372855e-04
  -1.3157943e-04
  -7.2017575e-05
  -1.1594916e-06
   7.1396352e-05
   1.3401967e-04
   1.7569631e-04
   1.8930853e-04
   1.7445522e-04
   1.3860572e-04
   9.5801949e-05
   6.2955767e-05
   5.4725758e-05
   7.8619924e-05
   1.3204689e-04
   2.0244597e-04
   2.7057929e-04
   3.1598375e-04
   3.2286484e-04
   2.8458972e-04
   2.0539830e-04
   9.8835917e-05
  -1.6524851e-05
  -1.2258217e-04
  -2.0650251e-04
  -2.6320062e-04
  -2.9484409e-04
  -3.0792964e-04
  -3.0939018e-04
  -3.0342542e-04
  -2.9025089e-04
  -2.6700961e-04
  -2.3015520e-04
  -1.7809700e-04
  -1.1295085e-04
  -4.0747989e-05
   2.9856470e-05
   8.9767372e-05
   1.3168590e-04
   1.5169651e-04
   1.4986638e-04
   1.2989589e-04
   9.8093777e-05
   6.2006871e-05
   2.8977914e-05
   4.8377218e-06
  -7.0757162e-06
  -6.3653451e-06
   4.6658770e-06
   2.1930560e-05
   4.0888211e-05
   5.7846782e-05
   7.0783038e-05
   7.9430866e-05
   8.4700355e-05
   8.7761298e-05
   8.9227175e-05
   8.8779679e-05
   8.5345408e-05
   7.7689490e-05
   6.5130594e-05
   4.8061141e-05
   2.8060922e-05
   7.5585777e-06
  -1.0844875e-05
  -2.5168380e-05
  -3.4702522e-05
  -4.0304998e-05
  -4.4223054e-05
  -4.9454744e-05
  -5.8792611e-05
  -7.3801190e-05
  -9.4033699e-05
  -1.1676646e-04
  -1.3741068e-04
  -1.5056889e-04
  -1.5149236e-04
  -1.3753932e-04
  -1.0918761e-04
  -7.0241257e-05
  -2.7078650e-05
   1.2918146e-05
   4.3323575e-05
   6.0418357e-05
   6.4165489e-05
   5.8090784e-05
   4.8098480e-05
   4.0586488e-05
   4.0439680e-05
   4.9520931e-05
   6.6139999e-05
   8.5688464e-05
   1.0225270e-04
   1.1066873e-04
   1.0829904e-04
   9.5888263e-05
   7.7183656e-05
   5.7464003e-05
   4.1528464e-05
   3.1897573e-05
   2.7893309e-05
   2.5928570e-05
   2.0883889e-05
   8.0587237e-06
  -1.5003981e-05
  -4.7455604e-05
  -8.5194319e-05
  -1.2198814e-04
  -1.5125706e-04
  -1.6789833e-04
  -1.6956780e-04
  -1.5706598e-04
  -1.3381006e-04
  -1.0466326e-04
  -7.4544319e-05
  -4.7234977e-05
  -2.4684106e-05
  -6.9302538e-06
   7.4299430e-06
   2.0463560e-05
   3.4116192e-05
   4.9653090e-05
   6.7402325e-05
   8.6738368e-05
   1.0620368e-04
   1.2371343e-04
   1.3685858e-04
   1.4334742e-04
   1.4157816e-04
   1.3123927e-04
   1.1374655e-04
   9.2302222e-05
   7.1423930e-05
   5.5929774e-05
   4.9547850e-05
   5.3505302e-05
   6.5579410e-05
   8.0079463e-05
   8.9012060e-05
   8.4286315e-05
   6.0366283e-05
   1.6468074e-05
  -4.2599318e-05
  -1.0747523e-04
  -1.6703677e-04
  -2.1207531e-04
  -2.3849248e-04
  -2.4864477e-04
  -2.5009805e-04
  -2.5213928e-04
  -2.6143199e-04
  -2.7863746e-04
  -2.9742230e-04
  -3.0627631e-04
  -2.9248173e-04
  -2.4683873e-04
  -1.6754882e-04
  -6.1958695e-05
   5.4464757e-05
   1.6172647e-04
   2.4050151e-04
   2.7750361e-04
   2.6952177e-04
   2.2497390e-04
   1.6248118e-04
   1.0673033e-04
   8.2554885e-05
   1.0858873e-04
   1.9197017e-04
   3.2540679e-04
   4.8748020e-04
   6.4641007e-04
   7.6667383e-04
   8.1703334e-04
   7.7790900e-04
   6.4597849e-04
   4.3456833e-04
   1.6975531e-04
  -1.1638155e-04
  -3.9291507e-04
  -6.3522976e-04
  -8.2687564e-04
  -9.5839955e-04
  -1.0247486e-03
  -1.0232479e-03
  -9.5351042e-04
  -8.1932619e-04
  -6.3127246e-04
  -4.0816030e-04
  -1.7580123e-04
   3.7213924e-05
   2.0560048e-04
   3.1326128e-04
   3.5685972e-04
   3.4580728e-04
   2.9869094e-04
   2.3741854e-04
   1.8109792e-04
   1.4163137e-04
   1.2224923e-04
   1.1905820e-04
   1.2460501e-04
   1.3185357e-04
   1.3702789e-04
   1.4040785e-04
   1.4509473e-04
   1.5459571e-04
   1.7046906e-04
   1.9107631e-04
   2.1184387e-04
   2.2670107e-04
   2.2991028e-04
   2.1752199e-04
   1.8807424e-04
   1.4262196e-04
   8.4440950e-05
   1.8703128e-05
  -4.7822114e-05
  -1.0721121e-04
  -1.5120403e-04
  -1.7249747e-04
  -1.6638854e-04
  -1.3241853e-04
  -7.5516834e-05
  -6.0997547e-06
   6.1289647e-05
   1.1084377e-04
   1.2932714e-04
   1.0980411e-04
   5.3950434e-05
  -2.8042425e-05
  -1.2018745e-04
  -2.0535585e-04
  -2.7047839e-04
  -3.1061712e-04
  -3.3040718e-04
  -3.4204413e-04
  -3.6011689e-04
  -3.9487951e-04
  -4.4647643e-04
  -5.0261759e-04
  -5.4103574e-04
  -5.3616737e-04
  -4.6775480e-04
  -3.2827264e-04
  -1.2654496e-04
   1.1361253e-04
   3.5906900e-04
   5.7532408e-04
   7.3424407e-04
   8.1965329e-04
   8.2986678e-04
   7.7713311e-04
   6.8437388e-04
   5.7971951e-04
   4.8957498e-04
   4.3151675e-04
   4.0892491e-04
   4.0931618e-04
   4.0752791e-04
   3.7340052e-04
   2.8197660e-04
   1.2307366e-04
  -9.3160521e-05
  -3.3716908e-04
  -5.6774344e-04
  -7.4428735e-04
  -8.3917258e-04
  -8.4550039e-04
  -7.7743762e-04
  -6.6338029e-04
  -5.3501475e-04
  -4.1670018e-04
  -3.1908931e-04
  -2.3892460e-04
  -1.6438911e-04
  -8.3285025e-05
   9.5461245e-06
   1.0851290e-04
   1.9850163e-04
   2.6027682e-04
   2.7781175e-04
   2.4479053e-04
   1.6800002e-04
   6.6509282e-05
  -3.3052446e-05
  -1.0362262e-04
  -1.2508349e-04
  -8.9716265e-05
  -4.1320623e-06
   1.1288976e-04
   2.3599276e-04
   3.4051547e-04
   4.0912702e-04
   4.3570459e-04
   4.2526949e-04
   3.9016138e-04
   3.4393757e-04
   2.9531087e-04
   2.4451512e-04
   1.8370786e-04
   1.0151669e-04
  -9.9029005e-06
  -1.4816298e-04
  -2.9726354e-04
  -4.2936729e-04
  -5.1162643e-04
  -5.1603452e-04
  -4.2911024e-04
  -2.5819191e-04
  -3.2155073e-05
   2.0395725e-04
   3.9910630e-04
   5.0851885e-04
   5.0465511e-04
   3.8382791e-04
   1.6671926e-04
  -1.0706622e-04
  -3.8846739e-04
  -6.2949672e-04
  -7.9201931e-04
  -8.5307967e-04
  -8.0654170e-04
  -6.6191365e-04
  -4.4155674e-04
  -1.7709691e-04
   9.4768673e-05
   3.3722698e-04
   5.1899923e-04
   6.1992397e-04
   6.3500257e-04
   5.7528206e-04
   4.6468319e-04
   3.3332037e-04
   2.0934573e-04
   1.1208982e-04
   4.8814629e-05
   1.5902096e-05
   3.4747260e-06
   1.1445530e-06
   2.3814862e-06
   5.8983191e-06
   1.3956772e-05
   2.8860792e-05
   4.9537756e-05
   6.9868532e-05
   7.9571884e-05
   6.7393573e-05
   2.5454228e-05
  -4.6877861e-05
  -1.4114311e-04
  -2.4086404e-04
  -3.2538371e-04
  -3.7531367e-04
  -3.7787422e-04
  -3.3047983e-04
  -2.4154009e-04
  -1.2833401e-04
  -1.2650082e-05
   8.4565194e-05
   1.4811870e-04
   1.7176960e-04
   1.5892319e-04
   1.2075474e-04
   7.2472359e-05
   2.8957221e-05
   1.0942271e-06
  -6.2706500e-06
   5.5538132e-06
   3.0581663e-05
   6.0482254e-05
   8.6966206e-05
   1.0365033e-04
   1.0715296e-04
   9.7409271e-05
   7.7298172e-05
   5.1711578e-05
   2.6245868e-05
   5.7655524e-06
  -6.8498117e-06
  -1.1451033e-05
  -1.0604220e-05
  -8.7339049e-06
  -1.0586493e-05
  -1.9427487e-05
  -3.5564014e-05
  -5.5796533e-05
  -7.4171829e-05
  -8.3947505e-05
  -8.0152430e-05
  -6.1794931e-05
  -3.2819822e-05
  -1.3464284e-06
   2.2649367e-05
   3.0475271e-05
   1.7657951e-05
  -1.4276108e-05
  -5.7734710e-05
  -1.0073901e-04
  -1.2990093e-04
  -1.3395302e-04
  -1.0696760e-04
  -5.0410422e-05
   2.6678738e-05
   1.0968213e-04
   1.8217952e-04
   2.3034685e-04
   2.4644535e-04
   2.3018366e-04
   1.8764929e-04
   1.2854087e-04
   6.3041822e-05
  -4.2116515e-07
  -5.5963375e-05
  -9.9823309e-05
  -1.2951810e-04
  -1.4334947e-04
  -1.4060179e-04
  -1.2222349e-04
  -9.1439115e-05
  -5.3752969e-05
  -1.6118443e-05
   1.4534716e-05
   3.2911683e-05
   3.6526418e-05
   2.6033410e-05
   4.6352447e-06
  -2.3167421e-05
  -5.2962279e-05
  -8.1376349e-05
  -1.0622830e-04
  -1.2591434e-04
  -1.3845209e-04
  -1.4080327e-04
  -1.2900296e-04
  -9.9271173e-05
  -4.9806523e-05
   1.7437610e-05
   9.5824402e-05
   1.7455000e-04
   2.4067961e-04
   2.8218424e-04
   2.9105398e-04
   2.6550668e-04
   2.1060135e-04
   1.3707216e-04
   5.8743459e-05
  -1.0707018e-05
  -6.0728765e-05
  -8.5877649e-05
  -8.6429181e-05
  -6.7688719e-05
  -3.8370879e-05
  -8.5411189e-06
   1.2424982e-05
   1.7528852e-05
   3.2841500e-06
  -2.9778922e-05
  -7.7233127e-05
  -1.3143814e-04
  -1.8270301e-04
  -2.2082416e-04
  -2.3686171e-04
  -2.2494097e-04
  -1.8375851e-04
  -1.1739218e-04
  -3.5045222e-05
   5.0446400e-05
   1.2515826e-04
   1.7709206e-04
   1.9883104e-04
   1.8906399e-04
   1.5257412e-04
   9.8798690e-05
   3.9478729e-05
  -1.3916892e-05
  -5.2384581e-05
  -7.0792452e-05
  -6.8324946e-05
  -4.8008329e-05
  -1.5558993e-05
   2.2068242e-05
   5.8049398e-05
   8.6722658e-05
   1.0419836e-04
   1.0858450e-04
   9.9909413e-05
   7.9831335e-05
   5.1225956e-05
   1.7730464e-05
  -1.6711906e-05
  -4.8299716e-05
  -7.3816600e-05
  -9.1042730e-05
  -9.9050860e-05
  -9.8264852e-05
  -9.0193012e-05
  -7.6874244e-05
  -6.0235177e-05
  -4.1639174e-05
  -2.1831971e-05
  -1.2829542e-06
   1.9286892e-05
   3.8487392e-05
   5.4189537e-05
   6.3891646e-05
   6.5438377e-05
   5.7859957e-05
   4.2008358e-05
   2.0686781e-05
  -1.8724648e-06
  -2.1071601e-05
  -3.3205616e-05
  -3.6471025e-05
  -3.1374971e-05
  -2.0428040e-05
  -7.2623471e-06
   4.5045866e-06
   1.2284296e-05
   1.5095938e-05
   1.3548329e-05
   9.2760323e-06
   4.0897019e-06
  -7.7674478e-07
  -4.9801061e-06
  -8.8143158e-06
  -1.2559536e-05
  -1.5832118e-05
  -1.7351400e-05
  -1.5322032e-05
  -8.2970071e-06
   3.8758422e-06
   1.9481147e-05
   3.5043942e-05
   4.6150914e-05
   4.8734674e-05
   4.0382899e-05
   2.1215106e-05
  -5.9689985e-06
  -3.6296741e-05
  -6.3959571e-05
  -8.3521479e-05
  -9.1055571e-05
  -8.4878554e-05
  -6.5782385e-05
  -3.6761517e-05
  -2.3134641e-06
   3.2525298e-05
   6.3170613e-05
   8.6254894e-05
   9.9983305e-05
   1.0404242e-04
   9.9178031e-05
   8.6673062e-05
   6.7978034e-05
   4.4645505e-05
   1.8526155e-05
  -7.9969358e-06
  -3.2012255e-05
  -5.0484988e-05
  -6.1007769e-05
  -6.2631075e-05
  -5.6408984e-05
  -4.5364661e-05
  -3.3794900e-05
  -2.6095874e-05
  -2.5474530e-05
  -3.2939539e-05
  -4.6866654e-05
  -6.3274563e-05
  -7.6772986e-05
  -8.1971904e-05
  -7.4994997e-05
  -5.4668327e-05
  -2.3007771e-05
   1.5176687e-05
   5.3456676e-05
   8.5378493e-05
   1.0598906e-04
   1.1286553e-04
   1.0641077e-04
   8.9423374e-05
   6.6163585e-05
   4.1245825e-05
   1.8669124e-05
   1.1819221e-06
  -9.9608356e-06
  -1.4891477e-05
  -1.4767337e-05
  -1.1271157e-05
  -6.1134160e-06
  -6.7362173e-07
   4.1353859e-06
   7.7894409e-06
   9.9555541e-06
   1.0303440e-05
   8.4334047e-06
   3.9690718e-06
  -3.2143920e-06
  -1.2731663e-05
  -2.3544369e-05
  -3.4053331e-05
  -4.2449702e-05
  -4.7227412e-05
  -4.7672201e-05
  -4.4131087e-05
  -3.7942805e-05
  -3.1047199e-05
  -2.5417266e-05
  -2.2499678e-05
  -2.2806610e-05
  -2.5734142e-05
  -2.9637049e-05
  -3.2159277e-05
  -3.0778862e-05
  -2.3472479e-05
  -9.3565507e-06
   1.0861917e-05
   3.4777731e-05
   5.8613290e-05
   7.7953990e-05
   8.8731516e-05
   8.8191458e-05
   7.5573558e-05
   5.2327828e-05
   2.1840793e-05
  -1.1215185e-05
  -4.1718824e-05
  -6.4929046e-05
  -7.7168096e-05
  -7.6302278e-05
  -6.2027332e-05
  -3.5974574e-05
  -1.6096917e-06
   3.6151254e-05
   7.1664649e-05
   9.9563964e-05
   1.1583702e-04
   1.1867333e-04
   1.0880521e-04
   8.9204790e-05
   6.4199127e-05
   3.8260954e-05
   1.4848082e-05
  -4.3530709e-06
  -1.9570876e-05
  -3.2480957e-05
  -4.5321701e-05
  -5.9900854e-05
  -7.6817391e-05
  -9.5144251e-05
  -1.1266166e-04
  -1.2654144e-04
  -1.3422944e-04
  -1.3421699e-04
  -1.2644954e-04
  -1.1225821e-04
  -9.3862222e-05
  -7.3622925e-05
  -5.3298529e-05
  -3.3540749e-05
  -1.3795803e-05
   7.3552189e-06
   3.1520775e-05
   5.9697780e-05
   9.1590983e-05
   1.2525919e-04
   1.5720396e-04
   1.8290747e-04
   1.9771705e-04
   1.9787629e-04
   1.8144519e-04
   1.4887021e-04
   1.0306608e-04
   4.9010738e-05
  -7.0309917e-06
  -5.8482954e-05
  -9.9452369e-05
  -1.2558282e-04
  -1.3464071e-04
  -1.2675574e-04
  -1.0428472e-04
  -7.1318073e-05
  -3.2909295e-05
   5.8213902e-06
   4.0500019e-05
   6.8016242e-05
   8.6614201e-05
   9.5579492e-05
   9.4711583e-05
   8.3869145e-05
   6.2843870e-05
   3.1656334e-05
  -8.8546526e-06
  -5.6450650e-05
  -1.0725486e-04
  -1.5606339e-04
  -1.9718409e-04
  -2.2555107e-04
  -2.3773569e-04
  -2.3250978e-04
  -2.1080206e-04
  -1.7514093e-04
  -1.2887571e-04
  -7.5525812e-05
  -1.8495644e-05
   3.8833221e-05
   9.2848691e-05
   1.3961863e-04
   1.7521663e-04
   1.9648973e-04
   2.0202857e-04
   1.9292462e-04
   1.7290849e-04
   1.4766970e-04
   1.2348423e-04
   1.0557810e-04
   9.6787237e-05
   9.6969085e-05
   1.0332741e-04
   1.1146913e-04
   1.1677628e-04
   1.1563307e-04
   1.0617717e-04
   8.8456844e-05
   6.4076195e-05
   3.5536817e-05
   5.5113728e-06
  -2.3773688e-05
  -5.0960762e-05
  -7.5763983e-05
  -9.8933068e-05
  -1.2195056e-04
  -1.4647112e-04
  -1.7360256e-04
  -2.0322436e-04
  -2.3357473e-04
  -2.6128129e-04
  -2.8188387e-04
  -2.9075325e-04
  -2.8419372e-04
  -2.6044810e-04
  -2.2030966e-04
  -1.6710956e-04
  -1.0601868e-04
  -4.2852215e-05
   1.7218740e-05
   7.0598119e-05
   1.1556066e-04
   1.5193629e-04
   1.8046864e-04
   2.0221626e-04
   2.1823921e-04
   2.2957153e-04
   2.3728006e-04
   2.4237933e-04
   2.4551436e-04
   2.4652514e-04
   2.4413991e-04
   2.3604367e-04
   2.1943074e-04
   1.9192883e-04
   1.5258550e-04
   1.0254433e-04
   4.5143809e-05
  -1.4611898e-05
  -7.1046363e-05
  -1.1897754e-04
  -1.5474480e-04
  -1.7683688e-04
  -1.8596645e-04
  -1.8458792e-04
  -1.7603149e-04
  -1.6356027e-04
  -1.4966891e-04
  -1.3581158e-04
  -1.2254555e-04
  -1.0991023e-04
  -9.7808753e-05
  -8.6227115e-05
  -7.5256467e-05
  -6.4992958e-05
  -5.5424478e-05
  -4.6378381e-05
  -3.7540819e-05
  -2.8513180e-05
  -1.8867750e-05
  -8.1923124e-06
   3.8590918e-06
   1.7487160e-05
   3.2635367e-05
   4.8867261e-05
   6.5280235e-05
   8.0515186e-05
   9.2908986e-05
   1.0079443e-04
   1.0289152e-04
   9.8679897e-05
   8.8622128e-05
   7.4139303e-05
   5.7318773e-05
   4.0429600e-05
   2.5391377e-05
   1.3362727e-05
   4.5852238e-06
  -1.4596860e-06
  -5.6373312e-06
  -8.6584706e-06
  -1.0709385e-05
  -1.1384448e-05
  -9.9572466e-06
  -5.8663903e-06
   8.1363329e-07
   9.1427552e-06
   1.7442700e-05
   2.3740019e-05
   2.6357132e-05
   2.4435846e-05
   1.8209649e-05
   8.9303633e-06
  -1.5251140e-06
  -1.1225662e-05
  -1.8725959e-05
  -2.3388508e-05
  -2.5402837e-05
  -2.5546743e-05
  -2.4826621e-05
  -2.4152537e-05
  -2.4153194e-05
  -2.5149836e-05
  -2.7231395e-05
  -3.0340552e-05
  -3.4299545e-05
  -3.8757826e-05
  -4.3103360e-05
  -4.6418370e-05
  -4.7558609e-05
  -4.5389897e-05
  -3.9146120e-05
  -2.8809392e-05
  -1.5380252e-05
  -9.1428452e-07
   1.1749635e-05
   1.9564171e-05
   2.0052576e-05
   1.2113870e-05
  -3.3616028e-06
  -2.3268037e-05
  -4.2594413e-05
  -5.5312878e-05
  -5.5746305e-05
  -4.0142441e-05
  -8.0325851e-06
   3.7088235e-05
   8.8095213e-05
   1.3563518e-04
   1.7030126e-04
   1.8500060e-04
   1.7682120e-04
   1.4781465e-04
   1.0442105e-04
   5.5682302e-05
   1.0782388e-05
  -2.3324698e-05
  -4.3482547e-05
  -5.0672872e-05
  -4.9132939e-05
  -4.4650091e-05
  -4.2659035e-05
  -4.6748794e-05
  -5.7950385e-05
  -7.4846602e-05
  -9.4274904e-05
  -1.1228045e-04
  -1.2501947e-04
  -1.2944036e-04
  -1.2369404e-04
  -1.0729652e-04
  -8.1087223e-05
  -4.7026048e-05
  -7.8815014e-06
   3.3119544e-05
   7.2607340e-05
   1.0731298e-04
   1.3426360e-04
   1.5099169e-04
   1.5580363e-04
   1.4808709e-04
   1.2856568e-04
   9.9375958e-05
   6.3866315e-05
   2.6096117e-05
  -9.8781214e-06
  -4.0748285e-05
  -6.4513498e-05
  -8.0678669e-05
  -9.0036251e-05
  -9.4119643e-05
  -9.4527296e-05
  -9.2346106e-05
  -8.7845976e-05
  -8.0511554e-05
  -6.9371849e-05
  -5.3514764e-05
  -3.2634948e-05
  -7.4562114e-06
   2.0102455e-05
   4.7085938e-05
   6.9975330e-05
   8.5383797e-05
   9.0821991e-05
   8.5338513e-05
   6.9845744e-05
   4.7011418e-05
   2.0723171e-05
  -4.7283720e-06
  -2.5513187e-05
  -3.8937609e-05
  -4.3782760e-05
  -4.0281033e-05
  -2.9816044e-05
  -1.4490404e-05
   3.2962232e-06
   2.1166657e-05
   3.6962453e-05
   4.8856389e-05
   5.5446980e-05
   5.5885060e-05
   5.0035224e-05
   3.8621091e-05
   2.3268468e-05
   6.3592486e-06
  -9.3523841e-06
  -2.1330716e-05
  -2.7922411e-05
  -2.8877712e-05
  -2.5508905e-05
  -2.0368190e-05
  -1.6505376e-05
  -1.6538500e-05
  -2.1849929e-05
  -3.2169083e-05
  -4.5654245e-05
  -5.9415920e-05
  -7.0298427e-05
  -7.5683036e-05
  -7.4093262e-05
  -6.5456145e-05
  -5.0982085e-05
  -3.2740983e-05
  -1.3096579e-05
   5.8196099e-06
   2.2462108e-05
   3.6002731e-05
   4.6261131e-05
   5.3500796e-05
   5.8177416e-05
   6.0725494e-05
   6.1442654e-05
   6.0486181e-05
   5.7952876e-05
   5.3987215e-05
   4.8857622e-05
   4.2955315e-05
   3.6702450e-05
   3.0398612e-05
   2.4072727e-05
   1.7425009e-05
   9.9257886e-06
   1.0786239e-06
  -9.2303003e-06
  -2.0444655e-05
  -3.1269997e-05
  -3.9913236e-05
  -4.4591914e-05
  -4.4149182e-05
  -3.8541627e-05
  -2.8992783e-05
  -1.7723045e-05
  -7.3324506e-06
  -5.4086265e-08
   2.8530735e-06
   1.3645780e-06
  -3.4615995e-06
  -9.9597341e-06
  -1.6454805e-05
  -2.1756266e-05
  -2.5371231e-05
  -2.7377005e-05
  -2.8034096e-05
  -2.7334871e-05
  -2.4721049e-05
  -1.9143073e-05
  -9.4943336e-06
   4.7143766e-06
   2.2702494e-05
   4.2084297e-05
   5.9062424e-05
   6.9186588e-05
   6.8505221e-05
   5.4774208e-05
   2.8334626e-05
  -7.6452159e-06
  -4.7676024e-05
  -8.5079434e-05
  -1.1342438e-04
  -1.2785560e-04
  -1.2595551e-04
  -1.0796017e-04
  -7.6379867e-05
  -3.5255501e-05
   1.0659115e-05
   5.6568748e-05
   9.8086183e-05
   1.3152045e-04
   1.5412566e-04
   1.6438895e-04
   1.6231511e-04
   1.4954638e-04
   1.2913051e-04
   1.0485974e-04
   8.0300915e-05
   5.7816405e-05
   3.7935112e-05
   1.9339835e-05
  -4.7189437e-07
  -2.4042814e-05
  -5.2708970e-05
  -8.5695600e-05
  -1.1990141e-04
  -1.5048872e-04
  -1.7212334e-04
  -1.8048585e-04
  -1.7357914e-04
  -1.5241422e-04
  -1.2084845e-04
  -8.4616523e-05
  -4.9848873e-05
  -2.1526843e-05
  -2.3308928e-06
   7.7940976e-06
   1.1250961e-05
   1.1721219e-05
   1.2775459e-05
   1.6645598e-05
   2.3595072e-05
   3.2095272e-05
   3.9693760e-05
   4.4191132e-05
   4.4649285e-05
   4.1859936e-05
   3.8140886e-05
   3.6588037e-05
   4.0091091e-05
   5.0458494e-05
   6.7894073e-05
   9.0893212e-05
   1.1648005e-04
   1.4065711e-04
   1.5897856e-04
   1.6721926e-04
   1.6212093e-04
   1.4213361e-04
   1.0798163e-04
   6.2840455e-05
   1.1962187e-05
  -3.8269456e-05
  -8.1686429e-05
  -1.1375749e-04
  -1.3268760e-04
  -1.3985756e-04
  -1.3943287e-04
  -1.3719404e-04
  -1.3885400e-04
  -1.4827981e-04
  -1.6609430e-04
  -1.8908269e-04
  -2.1066254e-04
  -2.2240810e-04
  -2.1630543e-04
  -1.8714356e-04
  -1.3432516e-04
  -6.2486053e-05
   1.9350460e-05
   9.9887239e-05
   1.6830369e-04
   2.1678827e-04
   2.4208414e-04
   2.4564657e-04
   2.3250922e-04
   2.0937968e-04
   1.8266225e-04
   1.5699756e-04
   1.3461112e-04
   1.1544160e-04
   9.7807371e-05
   7.9307787e-05
   5.7707261e-05
   3.1638036e-05
   1.0220635e-06
  -3.2853965e-05
  -6.7632492e-05
  -1.0048108e-04
  -1.2880807e-04
  -1.5084081e-04
  -1.6584035e-04
  -1.7387356e-04
  -1.7526786e-04
  -1.7004198e-04
  -1.5764459e-04
  -1.3719947e-04
  -1.0819553e-04
  -7.1299412e-05
  -2.8853730e-05
   1.5267052e-05
   5.6481383e-05
   9.0716550e-05
   1.1552713e-04
   1.3065404e-04
   1.3779546e-04
   1.3968742e-04
   1.3886795e-04
   1.3661610e-04
   1.3247976e-04
   1.2457009e-04
   1.1049727e-04
   8.8564918e-05
   5.8731480e-05
   2.2936984e-05
  -1.5348276e-05
  -5.2175463e-05
  -8.4343276e-05
  -1.1030033e-04
  -1.3035677e-04
  -1.4611462e-04
  -1.5933825e-04
  -1.7071888e-04
  -1.7905322e-04
  -1.8122561e-04
  -1.7309142e-04
  -1.5101120e-04
  -1.1350879e-04
  -6.2430525e-05
  -3.1126663e-06
   5.6606960e-05
   1.0827873e-04
   1.4502950e-04
   1.6331750e-04
   1.6367683e-04
   1.5025366e-04
   1.2937559e-04
   1.0770631e-04
   9.0601744e-05
   8.1104563e-05
   7.9706191e-05
   8.4723918e-05
   9.3004234e-05
   1.0069576e-04
   1.0396414e-04
   9.9632496e-05
   8.5748124e-05
   6.2013996e-05
   2.9961196e-05
  -7.2520234e-06
  -4.5440198e-05
  -8.0288905e-05
  -1.0833617e-04
  -1.2775594e-04
  -1.3868157e-04
  -1.4293727e-04
  -1.4325903e-04
  -1.4228551e-04
  -1.4167897e-04
  -1.4166530e-04
  -1.4110938e-04
  -1.3805265e-04
  -1.3049912e-04
  -1.1717534e-04
  -9.8014859e-05
  -7.4215143e-05
  -4.7860135e-05
  -2.1254011e-05
   3.7820444e-06
   2.6387644e-05
   4.6753035e-05
   6.5829100e-05
   8.4823993e-05
   1.0471307e-04
   1.2591868e-04
   1.4817427e-04
   1.7048711e-04
   1.9112900e-04
   2.0768086e-04
   2.1723066e-04
   2.1680512e-04
   2.0401658e-04
   1.7779139e-04
   1.3896790e-04
   9.0539052e-05
   3.7379142e-05
  -1.4565155e-05
  -5.9457438e-05
  -9.2810793e-05
  -1.1241377e-04
  -1.1866390e-04
  -1.1423572e-04
  -1.0324004e-04
  -9.0177883e-05
  -7.9002644e-05
  -7.2498396e-05
  -7.2034829e-05
  -7.7637517e-05
  -8.8250270e-05
  -1.0206196e-04
  -1.1680821e-04
  -1.3002181e-04
  -1.3927097e-04
  -1.4245695e-04
  -1.3821373e-04
  -1.2636576e-04
  -1.0829702e-04
  -8.7021081e-05
  -6.6760275e-05
  -5.1963868e-05
  -4.5906391e-05
  -4.9244679e-05
  -5.9065328e-05
  -6.8917548e-05
  -7.0064908e-05
  -5.3771606e-05
  -1.4014778e-05
   5.0242604e-05
   1.3404530e-04
   2.2717176e-04
   3.1647907e-04
   3.8917231e-04
   4.3596225e-04
   4.5311792e-04
   4.4282366e-04
   4.1183270e-04
   3.6893763e-04
   3.2207180e-04
   2.7586762e-04
   2.3030058e-04
   1.8076063e-04
   1.1959522e-04
   3.8860952e-05
  -6.6322449e-05
  -1.9475386e-04
  -3.3755702e-04
  -4.7886672e-04
  -5.9897205e-04
  -6.7917145e-04
  -7.0682740e-04
  -6.7888590e-04
  -6.0260490e-04
  -4.9324221e-04
  -3.6956204e-04
  -2.4876653e-04
  -1.4256469e-04
  -5.5555720e-05
   1.3830506e-05
   7.0551425e-05
   1.1965973e-04
   1.6388337e-04
   2.0294951e-04
   2.3468251e-04
   2.5710153e-04
   2.7033358e-04
   2.7731874e-04
   2.8292282e-04
   2.9187053e-04
   3.0648544e-04
   3.2531284e-04
   3.4328854e-04
   3.5341540e-04
   3.4924876e-04
   3.2716236e-04
   2.8749563e-04
   2.3419087e-04
   1.7317737e-04
   1.1026018e-04
   4.9413538e-05
  -7.8772129e-06
  -6.2096282e-05
  -1.1439606e-04
  -1.6520576e-04
  -2.1339848e-04
  -2.5634507e-04
  -2.9077168e-04
  -3.1402262e-04
  -3.2520428e-04
  -3.2574728e-04
  -3.1912241e-04
  -3.0972556e-04
  -3.0124830e-04
  -2.9508720e-04
  -2.8941546e-04
  -2.7937439e-04
  -2.5846668e-04
  -2.2077637e-04
  -1.6328438e-04
  -8.7449119e-05
   5.6391419e-07
   9.1159722e-05
   1.7371840e-04
   2.3933813e-04
   2.8301051e-04
   3.0454069e-04
   3.0798316e-04
   2.9987267e-04
   2.8690427e-04
   2.7385031e-04
   2.6237318e-04
   2.5105057e-04
   2.3648635e-04
   2.1499970e-04
   1.8422213e-04
   1.4404789e-04
   9.6708240e-05
   4.6107214e-05
  -3.2021408e-06
  -4.6992185e-05
  -8.2024343e-05
  -1.0634930e-04
  -1.1934310e-04
  -1.2162235e-04
  -1.1493615e-04
  -1.0204427e-04
  -8.6510938e-05
  -7.2322699e-05
  -6.3312420e-05
  -6.2505626e-05
  -7.1597972e-05
  -9.0735145e-05
  -1.1861881e-04
  -1.5281375e-04
  -1.9007766e-04
  -2.2658768e-04
  -2.5804627e-04
  -2.7975744e-04
  -2.8683034e-04
  -2.7465963e-04
  -2.3973446e-04
  -1.8065790e-04
  -9.9088966e-05
  -2.4773414e-07
   1.0729413e-04
   2.1261745e-04
   3.0412665e-04
   3.7161568e-04
   4.0836678e-04
   4.1283309e-04
   3.8938455e-04
   3.4765483e-04
   3.0033634e-04
   2.5979965e-04
   2.3444035e-04
   2.2590473e-04
   2.2816898e-04
   2.2890029e-04
   2.1282367e-04
   1.6620430e-04
   8.1213646e-05
  -4.1050370e-05
  -1.8979252e-04
  -3.4633070e-04
  -4.8812057e-04
  -5.9396378e-04
  -6.4895437e-04
  -6.4774645e-04
  -5.9524053e-04
  -5.0460620e-04
  -3.9336784e-04
  -2.7879656e-04
  -1.7394649e-04
  -8.5376107e-05
  -1.3030920e-05
   4.7901561e-05
   1.0394338e-04
   1.6020344e-04
   2.1826689e-04
   2.7576655e-04
   3.2764558e-04
   3.6846354e-04
   3.9470607e-04
   4.0610607e-04
   4.0546336e-04
   3.9713530e-04
   3.8492581e-04
   3.7028676e-04
   3.5153786e-04
   3.2436138e-04
   2.8333835e-04
   2.2394526e-04
   1.4433002e-04
   4.6340988e-05
  -6.4404399e-05
  -1.7931137e-04
  -2.8817689e-04
  -3.8083096e-04
  -4.4880101e-04
  -4.8677719e-04
  -4.9361923e-04
  -4.7261370e-04
  -4.3076795e-04
  -3.7715842e-04
  -3.2067391e-04
  -2.6777302e-04
  -2.2096334e-04
  -1.7853071e-04
  -1.3564329e-04
  -8.6485091e-05
  -2.6721096e-05
   4.4519469e-05
   1.2379847e-04
   2.0394191e-04
   2.7584183e-04
   3.3090071e-04
   3.6333063e-04
   3.7157135e-04
   3.5839041e-04
   3.2969011e-04
   2.9250463e-04
   2.5293174e-04
   2.1469376e-04
   1.7869914e-04
   1.4355318e-04
   1.0664094e-04
   6.5304952e-05
   1.7769116e-05
  -3.6294559e-05
  -9.5470882e-05
  -1.5648707e-04
  -2.1433751e-04
  -2.6284008e-04
  -2.9575780e-04
  -3.0834118e-04
  -2.9880885e-04
  -2.6912492e-04
  -2.2460440e-04
  -1.7235199e-04
  -1.1910309e-04
  -6.9385616e-05
  -2.4814434e-05
   1.5236900e-05
   5.2069265e-05
   8.6122275e-05
   1.1628664e-04
   1.4031336e-04
   1.5592157e-04
   1.6188005e-04
   1.5849020e-04
   1.4735450e-04
   1.3072647e-04
   1.1086470e-04
   8.9668153e-05
   6.8626839e-05
   4.8945365e-05
   3.1653414e-05
   1.7584129e-05
   7.2158669e-06
   4.6555117e-07
  -3.4470784e-06
  -5.9734280e-06
  -9.0155139e-06
  -1.4534829e-05
  -2.4054845e-05
  -3.8152732e-05
  -5.6069265e-05
  -7.5589777e-05
  -9.3329146e-05
  -1.0546271e-04
  -1.0879092e-04
  -1.0185753e-04
  -8.5735748e-05
  -6.4122219e-05
  -4.2558795e-05
  -2.6892769e-05
  -2.1392412e-05
  -2.7138357e-05
  -4.1309805e-05
  -5.7737034e-05
  -6.8658216e-05
  -6.7161032e-05
  -4.9505454e-05
  -1.6536330e-05
   2.6309948e-05
   7.0436982e-05
   1.0651616e-04
   1.2714224e-04
   1.2888334e-04
   1.1310705e-04
   8.5372677e-05
   5.3637673e-05
   2.5890129e-05
   7.9827857e-06
   2.3491444e-06
   7.9474388e-06
   2.1318371e-05
   3.8242358e-05
   5.5304362e-05
   7.0774223e-05
   8.4528751e-05
   9.7152872e-05
   1.0870744e-04
   1.1779490e-04
   1.2141589e-04
   1.1574451e-04
   9.7531344e-05
   6.5566230e-05
   2.1607583e-05
  -2.9615700e-05
  -8.1403295e-05
  -1.2681200e-04
  -1.6055154e-04
  -1.8035271e-04
  -1.8725517e-04
  -1.8469420e-04
  -1.7680833e-04
  -1.6674836e-04
  -1.5573539e-04
  -1.4322034e-04
  -1.2795858e-04
  -1.0939789e-04
  -8.8667673e-05
  -6.8671468e-05
  -5.3200770e-05
  -4.5410428e-05
  -4.6263954e-05
  -5.3589058e-05
  -6.2181851e-05
  -6.5033012e-05
  -5.5346659e-05
  -2.8725691e-05
   1.5192316e-05
   7.2219576e-05
   1.3445777e-04
   1.9229809e-04
   2.3699881e-04
   2.6304925e-04
   2.6958051e-04
   2.6037651e-04
   2.4247505e-04
   2.2379139e-04
   2.1051182e-04
   2.0508730e-04
   2.0547296e-04
   2.0586317e-04
   1.9868671e-04
   1.7720431e-04
   1.3783203e-04
   8.1391017e-05
   1.2857912e-05
  -6.0255568e-05
  -1.3024578e-04
  -1.9137672e-04
  -2.4107080e-04
  -2.7977992e-04
  -3.0972724e-04
  -3.3313392e-04
  -3.5070063e-04
  -3.6096218e-04
  -3.6074738e-04
  -3.4651564e-04
  -3.1599401e-04
  -2.6944368e-04
  -2.1006332e-04
  -1.4339344e-04
  -7.5961520e-05
  -1.3666582e-05
   3.9539329e-05
   8.2267619e-05
   1.1549894e-04
   1.4177342e-04
   1.6413037e-04
   1.8514336e-04
   2.0625330e-04
   2.2745614e-04
   2.4732688e-04
   2.6334749e-04
   2.7249733e-04
   2.7202510e-04
   2.6025396e-04
   2.3720970e-04
   2.0485414e-04
   1.6679268e-04
   1.2748886e-04
   9.1188133e-05
   6.0854733e-05
   3.7426526e-05
   1.9602628e-05
   4.2248288e-06
  -1.2858596e-05
  -3.5688586e-05
  -6.7121324e-05
  -1.0798005e-04
  -1.5652944e-04
  -2.0834109e-04
  -2.5666423e-04
  -2.9343321e-04
  -3.1091767e-04
  -3.0374170e-04
  -2.7070062e-04
  -2.1569269e-04
  -1.4728397e-04
  -7.6884840e-05
  -1.6031498e-05
   2.6401345e-05
   4.6221633e-05
   4.4637081e-05
   2.7578174e-05
   3.9498691e-06
  -1.6614265e-05
  -2.5882408e-05
  -1.8576269e-05
   6.8679806e-06
   4.8301419e-05
   1.0044195e-04
   1.5579843e-04
   2.0576048e-04
   2.4179422e-04
   2.5677710e-04
   2.4646204e-04
   2.1084949e-04
   1.5499258e-04
   8.8690235e-05
   2.4769035e-05
  -2.3861885e-05
  -4.7695071e-05
  -4.3643447e-05
  -1.6581076e-05
   2.1276345e-05
   5.3237976e-05
   6.2642531e-05
   3.7811755e-05
  -2.3998921e-05
  -1.1492727e-04
  -2.1779378e-04
  -3.1019841e-04
  -3.7039880e-04
  -3.8328570e-04
  -3.4458596e-04
  -2.6188996e-04
  -1.5214225e-04
  -3.6472593e-05
   6.5828307e-05
   1.4215204e-04
   1.8874815e-04
   2.0982761e-04
   2.1433739e-04
   2.1189034e-04
   2.0940759e-04
   2.0949199e-04
   2.1072120e-04
   2.0930763e-04
   2.0118678e-04
   1.8365321e-04
   1.5606427e-04
   1.1963111e-04
   7.6660142e-05
   2.9697408e-05
  -1.9068376e-05
  -6.7962072e-05
  -1.1555212e-04
  -1.6015963e-04
  -1.9947566e-04
  -2.3059386e-04
  -2.5057156e-04
  -2.5734388e-04
  -2.5058906e-04
  -2.3211874e-04
  -2.0557225e-04
  -1.7551034e-04
  -1.4624908e-04
  -1.2082324e-04
  -1.0033915e-04
  -8.3789452e-05
  -6.8275408e-05
  -4.9555159e-05
  -2.2871804e-05
   1.5958877e-05
   6.9269538e-05
   1.3628127e-04
   2.1225178e-04
   2.8851479e-04
   3.5376415e-04
   3.9652813e-04
   4.0822394e-04
   3.8577246e-04
   3.3275368e-04
   2.5855030e-04
   1.7567596e-04
   9.6205993e-05
   2.8601898e-05
  -2.3946695e-05
  -6.3194845e-05
  -9.3898997e-05
  -1.2124143e-04
  -1.4872715e-04
  -1.7727394e-04
  -2.0556276e-04
  -2.3114100e-04
  -2.5154803e-04
  -2.6492466e-04
  -2.7000672e-04
  -2.6580349e-04
  -2.5139818e-04
  -2.2615078e-04
  -1.9027089e-04
  -1.4544890e-04
  -9.5132010e-05
  -4.4154570e-05
   2.2866861e-06
   4.0026321e-05
   6.7223705e-05
   8.5071564e-05
   9.7581993e-05
   1.1038709e-04
   1.2883017e-04
   1.5592720e-04
   1.9092400e-04
   2.2906162e-04
   2.6277403e-04
   2.8399502e-04
   2.8676858e-04
   2.6916752e-04
   2.3374006e-04
   1.8626044e-04
   1.3324940e-04
   7.9287601e-05
   2.5326670e-05
  -3.1119554e-05
  -9.3777365e-05
  -1.6420242e-04
  -2.3865452e-04
  -3.0688978e-04
  -3.5388441e-04
  -3.6430480e-04
  -3.2826508e-04
  -2.4615822e-04
  -1.3048777e-04
  -3.6585431e-06
   1.0778650e-04
   1.8060328e-04
   2.0141776e-04
   1.7022603e-04
   9.9765696e-05
   1.1168793e-05
  -7.2470137e-05
  -1.3242928e-04
  -1.5868105e-04
  -1.5116246e-04
  -1.1804590e-04
  -7.1958533e-05
  -2.5561587e-05
   1.2128285e-05
   3.7717723e-05
   5.3384749e-05
   6.5076939e-05
   7.9675077e-05
   1.0203300e-04
   1.3277206e-04
   1.6748676e-04
   1.9765107e-04
   2.1306390e-04
   2.0522089e-04
   1.7064720e-04
   1.1308210e-04
   4.3578683e-05
  -2.1881764e-05
  -6.6847741e-05
  -7.9674161e-05
  -5.7843974e-05
  -9.6602605e-06
   4.7577264e-05
   9.2556805e-05
   1.0652554e-04
   7.9189092e-05
   1.1862562e-05
  -8.3187415e-05
  -1.8682391e-04
  -2.7889802e-04
  -3.4370798e-04
  -3.7327424e-04
  -3.6770153e-04
  -3.3307717e-04
  -2.7815294e-04
  -2.1123477e-04
  -1.3832035e-04
  -6.2830481e-05
   1.3407470e-05
   8.8682497e-05
   1.6022395e-04
   2.2384496e-04
   2.7451356e-04
   3.0758924e-04
   3.2023520e-04
   3.1246545e-04
   2.8740698e-04
   2.5061357e-04
   2.0859796e-04
   1.6704408e-04
   1.2930464e-04
   9.5709669e-05
   6.3936973e-05
   3.0330152e-05
  -8.2791549e-06
  -5.2873224e-05
  -1.0127255e-04
  -1.4823426e-04
  -1.8660723e-04
  -2.0918738e-04
  -2.1072787e-04
  -1.8954633e-04
  -1.4829565e-04
  -9.3677316e-05
  -3.5137325e-05
   1.7143970e-05
   5.4439549e-05
   7.1236425e-05
   6.6093858e-05
   4.1426271e-05
   2.3846929e-06
  -4.4739297e-05
  -9.4074330e-05
  -1.4124264e-04
  -1.8366703e-04
  -2.2007469e-04
  -2.4941269e-04
  -2.6958266e-04
  -2.7649635e-04
  -2.6393279e-04
  -2.2451693e-04
  -1.5181813e-04
  -4.3130611e-05
   9.7900466e-05
   2.5981348e-04
   4.2384621e-04
   5.6672205e-04
   6.6526553e-04
   7.0171803e-04
   6.6822960e-04
   5.6908068e-04
   4.1979028e-04
   2.4325637e-04
   6.4106035e-05
  -9.6919783e-05
  -2.2675649e-04
  -3.2091284e-04
  -3.8154017e-04
  -4.1382660e-04
  -4.2243915e-04
  -4.0952237e-04
  -3.7488571e-04
  -3.1793097e-04
  -2.4011889e-04
  -1.4666304e-04
  -4.6644589e-05
   4.8452269e-05
   1.2709573e-04
   1.7999960e-04
   2.0161597e-04
   1.9058884e-04
   1.4940157e-04
   8.3651334e-05
   1.2735149e-06
  -8.8233172e-05
  -1.7473781e-04
  -2.4869878e-04
  -3.0255681e-04
  -3.3188490e-04
  -3.3579650e-04
  -3.1636389e-04
  -2.7726050e-04
  -2.2222978e-04
  -1.5405987e-04
  -7.4459133e-05
   1.5256586e-05
   1.1316440e-04
   2.1602386e-04
   3.1921319e-04
   4.1726425e-04
   5.0464061e-04
   5.7635479e-04
   6.2821404e-04
   6.5675664e-04
   6.5910978e-04
   6.3298431e-04
   5.7688092e-04
   4.9045402e-04
   3.7494716e-04
   2.3363979e-04
   7.2234892e-05
  -1.0096325e-04
  -2.7531092e-04
  -4.3871718e-04
  -5.7915031e-04
  -6.8645432e-04
  -7.5397268e-04
  -7.7949497e-04
  -7.6526956e-04
  -7.1713928e-04
  -6.4311060e-04
  -5.5177764e-04
  -4.5098735e-04
  -3.4699392e-04
  -2.4417787e-04
  -1.4526086e-04
  -5.1854631e-05
   3.4874549e-05
   1.1366842e-04
   1.8296242e-04
   2.4105416e-04
   2.8654326e-04
   3.1882444e-04
   3.3843283e-04
   3.4715312e-04
   3.4792495e-04
   3.4461293e-04
   3.4163971e-04
   3.4337985e-04
   3.5321016e-04
   3.7228888e-04
   3.9843718e-04
   4.2572993e-04
   4.4533283e-04
   4.4764723e-04
   4.2512176e-04
   3.7457220e-04
   2.9790419e-04
   2.0082410e-04
   9.0124674e-05
  -2.9092934e-05
  -1.5479602e-04
  -2.8720274e-04
  -4.2610477e-04
  -5.6766297e-04
  -7.0235421e-04
  -8.1527812e-04
  -8.8899953e-04
  -9.0800015e-04
  -8.6313920e-04
  -7.5455499e-04
  -5.9210119e-04
  -3.9332649e-04
  -1.7974999e-04
   2.7458284e-05
   2.1127275e-04
   3.6119088e-04
   4.7370164e-04
   5.5087725e-04
   5.9766880e-04
   6.1888555e-04
   6.1693025e-04
   5.9109271e-04
   5.3864984e-04
   4.5735299e-04
   3.4832148e-04
   2.1811868e-04
   7.8999874e-05
  -5.3038493e-05
  -1.6192504e-04
  -2.3568385e-04
  -2.6962027e-04
  -2.6735296e-04
  -2.3931188e-04
  -1.9924210e-04
  -1.5994189e-04
  -1.2968518e-04
  -1.1047936e-04
  -9.8612263e-05
  -8.7112155e-05
  -6.9096757e-05
  -4.0754440e-05
  -2.9383543e-06
   3.9069393e-05
   7.7388795e-05
   1.0419831e-04
   1.1422375e-04
   1.0620963e-04
   8.2960907e-05
   5.0105320e-05
   1.4196133e-05
  -1.9045529e-05
  -4.5742993e-05
  -6.3985678e-05
  -7.3370810e-05
  -7.4464543e-05
  -6.8537879e-05
  -5.7611387e-05
  -4.4567849e-05
  -3.3007119e-05
  -2.6641325e-05
  -2.8282697e-05
  -3.8732793e-05
  -5.6017600e-05
  -7.5360239e-05
  -9.0055108e-05
  -9.3088049e-05
  -7.9059556e-05
  -4.5830867e-05
   4.6155631e-06
   6.6365267e-05
   1.3075933e-04
   1.8824760e-04
   2.3040198e-04
   2.5156016e-04
   2.4969798e-04
   2.2636758e-04
   1.8581652e-04
   1.3363769e-04
   7.5415456e-05
   1.5788399e-05
  -4.1844087e-05
  -9.5015709e-05
  -1.4158343e-04
  -1.7923660e-04
  -2.0547571e-04
  -2.1814962e-04
  -2.1631478e-04
  -2.0096925e-04
  -1.7522848e-04
  -1.4373444e-04
  -1.1141820e-04
  -8.2035272e-05
  -5.7036710e-05
  -3.5251615e-05
  -1.3552342e-05
   1.1727906e-05
   4.3173393e-05
   8.1086517e-05
   1.2313874e-04
   1.6493218e-04
   2.0118023e-04
   2.2703517e-04
   2.3913215e-04
   2.3611355e-04
   2.1861205e-04
   1.8880437e-04
   1.4969376e-04
   1.0429403e-04
   5.4910319e-05
   2.7299112e-06
  -5.2096761e-05
  -1.0981945e-04
  -1.7001461e-04
  -2.3039817e-04
  -2.8600252e-04
  -3.2922077e-04
  -3.5103851e-04
  -3.4336042e-04
  -3.0181282e-04
  -2.2800969e-04
  -1.3026809e-04
  -2.2238066e-05
   8.0290859e-05
   1.6338826e-04
   2.1841375e-04
   2.4372365e-04
   2.4416761e-04
   2.2869825e-04
   2.0703137e-04
   1.8651915e-04
   1.7021291e-04
   1.5661068e-04
   1.4100266e-04
   1.1783829e-04
   8.3273858e-05
   3.7059575e-05
  -1.6834092e-05
  -7.1046311e-05
  -1.1684361e-04
  -1.4666515e-04
  -1.5634729e-04
  -1.4628636e-04
  -1.2118492e-04
  -8.8548997e-05
  -5.6537645e-05
  -3.1925412e-05
  -1.8775750e-05
  -1.8055876e-05
  -2.8052340e-05
  -4.5232823e-05
  -6.5191174e-05
  -8.3447402e-05
  -9.6037855e-05
  -9.9931081e-05
  -9.3318101e-05
  -7.5788120e-05
  -4.8364594e-05
  -1.3368707e-05
   2.5906074e-05
   6.5690506e-05
   1.0233457e-04
   1.3286711e-04
   1.5536158e-04
   1.6899663e-04
   1.7381329e-04
   1.7030182e-04
   1.5903909e-04
   1.4057661e-04
   1.1563939e-04
   8.5508635e-05
   5.2343257e-05
   1.9206688e-05
  -1.0318249e-05
  -3.2888581e-05
  -4.6352784e-05
  -5.0609779e-05
  -4.8054983e-05
  -4.3359374e-05
  -4.2510303e-05
  -5.1298589e-05
  -7.3661034e-05
  -1.1036921e-04
  -1.5845011e-04
  -2.1148937e-04
  -2.6071779e-04
  -2.9661096e-04
  -3.1066338e-04
  -2.9700669e-04
  -2.5358683e-04
  -1.8268165e-04
  -9.0633086e-05
   1.3197665e-05
   1.1806989e-04
   2.1373552e-04
   2.9206706e-04
   3.4800336e-04
   3.7960590e-04
   3.8737383e-04
   3.7327240e-04
   3.3999675e-04
   2.9075438e-04
   2.2944818e-04
   1.6084890e-04
   9.0358379e-05
   2.3257619e-05
  -3.6303528e-05
  -8.6114628e-05
  -1.2611141e-04
  -1.5785574e-04
  -1.8349613e-04
  -2.0463879e-04
  -2.2157467e-04
  -2.3313472e-04
  -2.3718183e-04
  -2.3150647e-04
  -2.1475882e-04
  -1.8706913e-04
  -1.5017132e-04
  -1.0706850e-04
  -6.1446557e-05
  -1.7076616e-05
   2.2643016e-05
   5.4989488e-05
   7.8136239e-05
   9.1368114e-05
   9.5299962e-05
   9.2015752e-05
   8.4973201e-05
   7.8514660e-05
   7.6930539e-05
   8.3231095e-05
   9.8003588e-05
   1.1881956e-04
   1.4052005e-04
   1.5639071e-04
   1.5989946e-04
   1.4646713e-04
   1.1474985e-04
   6.7097416e-05
   9.1137126e-06
  -5.1516001e-05
  -1.0660318e-04
  -1.4904543e-04
  -1.7406897e-04
  -1.7989022e-04
  -1.6772875e-04
  -1.4125867e-04
  -1.0569320e-04
  -6.6744584e-05
  -2.9683162e-05
   1.3588285e-06
   2.3799667e-05
   3.6775397e-05
   4.1105625e-05
   3.9046484e-05
   3.3773084e-05
   2.8570803e-05
   2.5851524e-05
   2.6280355e-05
   2.8384557e-05
   2.8929764e-05
   2.4088505e-05
   1.1088606e-05
  -1.0238193e-05
  -3.6651326e-05
  -6.1887644e-05
  -7.8276764e-05
  -7.9143722e-05
  -6.1195753e-05
  -2.6009812e-05
   1.9998230e-05
   6.7211147e-05
   1.0554643e-04
   1.2736254e-04
   1.2954398e-04
   1.1409635e-04
   8.7143451e-05
   5.6770259e-05
   3.0490640e-05
   1.3159026e-05
   5.9287927e-06
   6.4812342e-06
   1.0323671e-05
   1.2613457e-05
   9.8234194e-06
   6.7803783e-07
  -1.3887552e-05
  -3.1595277e-05
  -5.0053498e-05
  -6.7770418e-05
  -8.4503262e-05
  -1.0081710e-04
  -1.1711207e-04
  -1.3264907e-04
  -1.4511646e-04
  -1.5101207e-04
  -1.4670373e-04
  -1.2970340e-04
  -9.9614435e-05
  -5.8401616e-05
  -9.9551495e-06
   4.0800583e-05
   8.8883194e-05
   1.3000411e-04
   1.6096270e-04
   1.7973229e-04
   1.8538968e-04
   1.7803765e-04
   1.5879742e-04
   1.2985709e-04
   9.4485506e-05
   5.6882141e-05
   2.1752594e-05
  -6.4140436e-06
  -2.4256698e-05
  -3.0409404e-05
  -2.6035527e-05
  -1.4789456e-05
  -2.1106343e-06
   6.0492407e-06
   4.7752348e-06
  -8.4040228e-06
  -3.2686016e-05
  -6.4045270e-05
  -9.6208818e-05
  -1.2228842e-04
  -1.3657019e-04
  -1.3591475e-04
  -1.2037406e-04
  -9.2911683e-05
  -5.8406666e-05
  -2.2323049e-05
   1.0524968e-05
   3.6784108e-05
   5.4811438e-05
   6.4422276e-05
   6.6342615e-05
   6.1634152e-05
   5.1329053e-05
   3.6399419e-05
   1.8028699e-05
  -1.9964370e-06
  -2.1034836e-05
  -3.5710269e-05
  -4.2491313e-05
  -3.8622702e-05
  -2.3122098e-05
   2.5234460e-06
   3.4270112e-05
   6.6167897e-05
   9.1635847e-05
   1.0502899e-04
   1.0304853e-04
   8.5583570e-05
   5.5748847e-05
   1.9125048e-05
  -1.7574796e-05
  -4.8056588e-05
  -6.7822199e-05
  -7.5030971e-05
  -7.0635977e-05
  -5.7788107e-05
  -4.0727311e-05
  -2.3541548e-05
  -9.1907187e-06
   9.4597764e-07
   6.9655264e-06
   9.9479189e-06
   1.1338641e-05
   1.2440384e-05
   1.4131333e-05
   1.6797529e-05
   2.0386604e-05
   2.4486224e-05
   2.8384888e-05
   3.1138917e-05
   3.1700426e-05
   2.9135215e-05
   2.2893230e-05
   1.3032767e-05
   2.8888952e-07
  -1.4067862e-05
  -2.8541539e-05
  -4.1769746e-05
  -5.2794939e-05
  -6.1162032e-05
  -6.6839115e-05
  -7.0027813e-05
  -7.0957908e-05
  -6.9743827e-05
  -6.6335142e-05
  -6.0545103e-05
  -5.2113502e-05
  -4.0764285e-05
  -2.6247575e-05
  -8.3887080e-06
   1.2818619e-05
   3.7050549e-05
   6.3434189e-05
   9.0333568e-05
   1.1525051e-04
   1.3496791e-04
   1.4601854e-04
   1.4544857e-04
   1.3169664e-04
   1.0529758e-04
   6.9114634e-05
   2.7934024e-05
  -1.2522236e-05
  -4.6886051e-05
  -7.1331042e-05
  -8.4283180e-05
  -8.6454754e-05
  -8.0253328e-05
  -6.8837412e-05
  -5.5185969e-05
  -4.1486551e-05
  -2.8970898e-05
  -1.8130110e-05
  -9.1110846e-06
  -2.0728254e-06
   2.6480102e-06
   4.5978059e-06
   3.4250812e-06
  -8.6430294e-07
  -7.7339339e-06
  -1.6095435e-05
  -2.4446040e-05
  -3.1124068e-05
  -3.4618512e-05
  -3.3865386e-05
  -2.8469390e-05
  -1.8802202e-05
  -5.9516921e-06
   8.4691233e-06
   2.2606667e-05
   3.4674357e-05
   4.3217390e-05
   4.7299964e-05
   4.6615957e-05
   4.1538913e-05
   3.3111483e-05
   2.2945156e-05
   1.2990794e-05
   5.1712473e-06
   9.3056234e-07
   8.1772421e-07
   4.2504828e-06
   9.5740310e-06
   1.4440197e-05
   1.6416026e-05
   1.3641194e-05
   5.3389544e-06
  -7.9518830e-06
  -2.4458442e-05
  -4.1520061e-05
  -5.6105882e-05
  -6.5398743e-05
  -6.7345502e-05
  -6.1082151e-05
  -4.7151242e-05
  -2.7449400e-05
  -4.8870946e-06
   1.7188314e-05
   3.5681504e-05
   4.8379771e-05
   5.4363570e-05
   5.4097001e-05
   4.9185393e-05
   4.1871275e-05
   3.4407262e-05
   2.8481970e-05
   2.4863328e-05
   2.3353837e-05
   2.3045198e-05
   2.2755764e-05
   2.1472281e-05
   1.8621952e-05
   1.4078844e-05
   7.9397730e-06
   2.3209697e-07
  -9.2368711e-06
  -2.0756486e-05
  -3.4352482e-05
  -4.9388737e-05
  -6.4383290e-05
  -7.7200540e-05
  -8.5596997e-05
  -8.7915433e-05
  -8.3631433e-05
  -7.3500276e-05
  -5.9214663e-05
  -4.2698154e-05
  -2.5332093e-05
  -7.4643542e-06
   1.1552614e-05
   3.2762927e-05
   5.6663558e-05
   8.2311185e-05
   1.0690235e-04
   1.2609507e-04
   1.3505481e-04
   1.2991111e-04
   1.0913036e-04
   7.4320969e-05
   3.0178643e-05
  -1.6431184e-05
  -5.7987772e-05
  -8.8003290e-05
  -1.0244609e-04
  -1.0055846e-04
  -8.4891058e-05
  -6.0562149e-05
  -3.3926198e-05
  -1.0976355e-05
   4.1218943e-06
   9.9834484e-06
   8.1718037e-06
   2.5122594e-06
  -2.2677535e-06
  -2.1617473e-06
   4.7466600e-06
   1.7618153e-05
   3.3118631e-05
   4.6522095e-05
   5.3287920e-05
   5.0581686e-05
   3.8223873e-05
   1.8747021e-05
  -3.4426098e-06
  -2.3484544e-05
  -3.7554963e-05
  -4.3920394e-05
  -4.3230614e-05
  -3.8011473e-05
  -3.1592290e-05
  -2.6874026e-05
  -2.5363724e-05
  -2.6771327e-05
  -2.9243030e-05
  -3.0081033e-05
  -2.6660821e-05
  -1.7247488e-05
  -1.5094585e-06
   1.9339901e-05
   4.2743316e-05
   6.5269690e-05
   8.3263908e-05
   9.3566095e-05
   9.4162208e-05
   8.4620233e-05
   6.6201585e-05
   4.1612031e-05
   1.4447327e-05
  -1.1532861e-05
  -3.3128320e-05
  -4.8256617e-05
  -5.6243396e-05
  -5.7818473e-05
  -5.4850467e-05
  -4.9879849e-05
  -4.5522049e-05
  -4.3833294e-05
  -4.5765683e-05
  -5.0858071e-05
  -5.7281120e-05
  -6.2267591e-05
  -6.2838020e-05
  -5.6628626e-05
  -4.2590287e-05
  -2.1368044e-05
   4.7365827e-06
   3.2211703e-05
   5.7084859e-05
   7.5798456e-05
   8.5995027e-05
   8.7009473e-05
   7.9935527e-05
   6.7249374e-05
   5.2103498e-05
   3.7504515e-05
   2.5620863e-05
   1.7415038e-05
   1.2678240e-05
   1.0404640e-05
   9.3294918e-06
   8.4153051e-06
   7.1190781e-06
   5.3847014e-06
   3.4232312e-06
   1.4196959e-06
  -6.8545118e-07
  -3.2446242e-06
  -6.7721397e-06
  -1.1704696e-05
  -1.8163103e-05
  -2.5815048e-05
  -3.3894469e-05
  -4.1376732e-05
  -4.7257908e-05
  -5.0851707e-05
  -5.2005108e-05
  -5.1147353e-05
  -4.9129777e-05
  -4.6881764e-05
  -4.4983655e-05
  -4.3313473e-05
  -4.0932426e-05
  -3.6313414e-05
  -2.7891209e-05
  -1.4765060e-05
   2.7152787e-06
   2.2742326e-05
   4.2362120e-05
   5.8250849e-05
   6.7717501e-05
   6.9587802e-05
   6.4643280e-05
   5.5427805e-05
   4.5447281e-05
   3.8007381e-05
   3.5083356e-05
   3.6631351e-05
   4.0610308e-05
   4.3729148e-05
   4.2661649e-05
   3.5291117e-05
   2.1532295e-05
   3.4343844e-06
  -1.5465949e-05
  -3.1301953e-05
  -4.1129177e-05
  -4.3837824e-05
  -4.0426860e-05
  -3.3577219e-05
  -2.6702713e-05
  -2.2816250e-05
  -2.3578466e-05
  -2.8805222e-05
  -3.6550113e-05
  -4.3709397e-05
  -4.6964681e-05
  -4.3802645e-05
  -3.3333876e-05
  -1.6675797e-05
   3.2308279e-06
   2.2348875e-05
   3.6627115e-05
   4.3127338e-05
   4.0857526e-05
   3.1056134e-05
   1.6840317e-05
   2.3208075e-06
  -8.5643988e-06
  -1.3173518e-05
  -1.0931941e-05
  -3.5319482e-06
   5.5113856e-06
   1.1851663e-05
   1.1602650e-05
   2.5899777e-06
  -1.4782862e-05
  -3.7314247e-05
  -5.9532216e-05
  -7.4884638e-05
  -7.7336653e-05
  -6.3007687e-05
  -3.1444594e-05
   1.3823875e-05
   6.5671330e-05
   1.1470595e-04
   1.5130706e-04
   1.6789257e-04
   1.6081971e-04
   1.3137047e-04
   8.5504039e-05
   3.2405804e-05
  -1.7789098e-05
  -5.6481523e-05
  -7.8624912e-05
  -8.3717145e-05
  -7.5490387e-05
  -6.0399322e-05
  -4.5395764e-05
  -3.5739082e-05
  -3.3586609e-05
  -3.7796617e-05
  -4.4889001e-05
  -5.0677852e-05
  -5.1898978e-05
  -4.7246747e-05
  -3.7529928e-05
  -2.5024791e-05
  -1.2408154e-05
  -1.7762232e-06
   5.8556991e-06
   1.0463539e-05
   1.2532149e-05
   1.2538945e-05
   1.0703408e-05
   7.0871431e-06
   1.9101793e-06
  -4.1478977e-06
  -9.8501810e-06
  -1.3576179e-05
  -1.3710556e-05
  -9.1072046e-06
   5.3190964e-07
   1.4486286e-05
   3.1106508e-05
   4.8137864e-05
   6.3187181e-05
   7.4205278e-05
   7.9859863e-05
   7.9715815e-05
   7.4204724e-05
   6.4425206e-05
   5.1848990e-05
   3.8011697e-05
   2.4249623e-05
   1.1515839e-05
   2.8386129e-07
  -9.4640899e-06
  -1.8165241e-05
  -2.6519348e-05
  -3.5256304e-05
  -4.4865857e-05
  -5.5359677e-05
  -6.6149796e-05
  -7.6102490e-05
  -8.3765514e-05
  -8.7698730e-05
  -8.6801262e-05
  -8.0541085e-05
  -6.9042592e-05
  -5.3043751e-05
  -3.3771139e-05
  -1.2789183e-05
   8.1369478e-06
   2.7158736e-05
   4.2472725e-05
   5.2509795e-05
   5.6213124e-05
   5.3364275e-05
   4.4833232e-05
   3.2589934e-05
   1.9372581e-05
   8.0544394e-06
   9.0946062e-07
  -9.5052432e-07
   2.2444117e-06
   9.1747710e-06
   1.7985911e-05
   2.6896911e-05
   3.4609955e-05
   4.0375360e-05
   4.3752595e-05
   4.4281488e-05
   4.1336835e-05
   3.4330195e-05
   2.3194008e-05
   8.8714354e-06
  -6.5226485e-06
  -2.0065247e-05
  -2.8850517e-05
  -3.0975934e-05
  -2.6291005e-05
  -1.6594426e-05
  -5.1826444e-06
   4.1034879e-06
   8.0173625e-06
   4.8647285e-06
  -5.0169081e-06
  -1.9399135e-05
  -3.4861929e-05
  -4.7803933e-05
  -5.5422228e-05
  -5.6357823e-05
  -5.0847885e-05
  -4.0406339e-05
  -2.7201362e-05
  -1.3371864e-05
  -5.1568589e-07
   1.0499351e-05
   1.9379537e-05
   2.6022219e-05
   3.0126600e-05
   3.1037673e-05
   2.7966665e-05
   2.0539571e-05
   9.4183165e-06
  -3.3676768e-06
  -1.4665586e-05
  -2.1058480e-05
  -2.0072818e-05
  -1.1253519e-05
   3.3778326e-06
   1.9741869e-05
   3.2902302e-05
   3.8630919e-05
   3.4773008e-05
   2.1937959e-05
   3.3133454e-06
  -1.6270471e-05
  -3.1660832e-05
  -3.8664224e-05
  -3.4968473e-05
  -2.0563788e-05
   2.3248983e-06
   2.9700896e-05
   5.6541812e-05
   7.7717217e-05
   8.8952226e-05
   8.7678652e-05
   7.3591027e-05
   4.8745586e-05
   1.7129621e-05
  -1.6225290e-05
  -4.6363446e-05
  -6.9453668e-05
  -8.3486103e-05
  -8.8452957e-05
  -8.6004602e-05
  -7.8715584e-05
  -6.9191357e-05
  -5.9279449e-05
  -4.9612010e-05
  -3.9605236e-05
  -2.7898622e-05
  -1.3077964e-05
   5.5612649e-06
   2.7460275e-05
   5.0631859e-05
   7.1942374e-05
   8.7770652e-05
   9.4872529e-05
   9.1228382e-05
   7.6656680e-05
   5.3032090e-05
   2.4036140e-05
  -5.5266377e-06
  -3.0711292e-05
  -4.7496110e-05
  -5.3670685e-05
  -4.9314887e-05
  -3.6726989e-05
  -1.9805634e-05
  -3.0527859e-06
   9.5157228e-06
   1.5245138e-05
   1.3289861e-05
   4.5858870e-06
  -8.5513047e-06
  -2.3031701e-05
  -3.5642464e-05
  -4.3646984e-05
  -4.5274026e-05
  -4.0043595e-05
  -2.8861717e-05
  -1.3827353e-05
   2.2409367e-06
   1.6454045e-05
   2.6502275e-05
   3.1133801e-05
   3.0358235e-05
   2.5362304e-05
   1.8192081e-05
   1.1282679e-05
   6.9140575e-06
   6.6711786e-06
   1.1010200e-05
   1.9064582e-05
   2.8813577e-05
   3.7636636e-05
   4.3112059e-05
   4.3777810e-05
   3.9552805e-05
   3.1644964e-05
   2.1987685e-05
   1.2443472e-05
   4.1019273e-06
  -3.0520515e-06
  -9.9814933e-06
  -1.8027058e-05
  -2.8156081e-05
  -4.0332808e-05
  -5.3269211e-05
  -6.4676575e-05
  -7.1951445e-05
  -7.3063696e-05
  -6.7331061e-05
  -5.5792984e-05
  -4.1024851e-05
  -2.6417020e-05
  -1.5123754e-05
  -9.0096551e-06
  -7.9454235e-06
  -9.7177170e-06
  -1.0639351e-05
  -6.7234342e-06
   4.9165111e-06
   2.4888594e-05
   5.0983623e-05
   7.8515137e-05
   1.0150170e-04
   1.1436100e-04
   1.1357739e-04
   9.8776001e-05
   7.2825043e-05
   4.0937253e-05
   9.1093759e-06
  -1.7534435e-05
  -3.5936831e-05
  -4.5502867e-05
  -4.7688759e-05
  -4.5064962e-05
  -4.0271409e-05
  -3.5235124e-05
  -3.0844973e-05
  -2.7073820e-05
  -2.3388223e-05
  -1.9228026e-05
  -1.4367076e-05
  -9.0499186e-06
  -3.8986767e-06
   3.3403319e-07
   3.0499609e-06
   4.0198309e-06
   3.4623467e-06
   1.9730863e-06
   3.2918162e-07
  -7.7663237e-07
  -9.9814328e-07
  -5.0715755e-07
  -1.0438673e-09
  -5.2798992e-07
  -3.1900085e-06
  -8.8334210e-06
  -1.7818303e-05
  -2.9887531e-05
  -4.4092703e-05
  -5.8735188e-05
  -7.1352634e-05
  -7.8866337e-05
  -7.8017306e-05
  -6.6116039e-05
  -4.1953310e-05
  -6.5640668e-06
   3.6501534e-05
   8.1623057e-05
   1.2224079e-04
   1.5236199e-04
   1.6795502e-04
   1.6776574e-04
   1.5331310e-04
   1.2814190e-04
   9.6675329e-05
   6.3098267e-05
   3.0597134e-05
   1.0756015e-06
  -2.4722946e-05
  -4.6851427e-05
  -6.5723923e-05
  -8.1734997e-05
  -9.5003339e-05
  -1.0526267e-04
  -1.1189266e-04
  -1.1406974e-04
  -1.1101104e-04
  -1.0226722e-04
  -8.7989793e-05
  -6.9075887e-05
  -4.7110823e-05
  -2.4096712e-05
  -2.0493811e-06
   1.7384683e-05
   3.3140397e-05
   4.4706013e-05
   5.1912019e-05
   5.4693605e-05
   5.2990790e-05
   4.6855623e-05
   3.6697673e-05
   2.3504276e-05
   8.8759577e-06
  -5.1873305e-06
  -1.6684370e-05
  -2.4040144e-05
  -2.6403146e-05
  -2.3728839e-05
  -1.6669882e-05
  -6.3686807e-06
   5.7380754e-06
   1.8040040e-05
   2.8819616e-05
   3.6356415e-05
   3.9166302e-05
   3.6390646e-05
   2.8233031e-05
   1.6261905e-05
   3.4013835e-06
  -6.4915111e-06
  -9.4486643e-06
  -2.4672012e-06
   1.5421511e-05
   4.2415738e-05
   7.3834769e-05
   1.0279613e-04
   1.2162516e-04
   1.2371233e-04
   1.0535119e-04
   6.7020527e-05
   1.3665388e-05
  -4.6215143e-05
  -1.0250594e-04
  -1.4591793e-04
  -1.7020455e-04
  -1.7346956e-04
  -1.5819373e-04
  -1.3006485e-04
  -9.6101060e-05
  -6.2740474e-05
  -3.4477213e-05
  -1.3335980e-05
   8.5283041e-07
   9.6572468e-06
   1.5099835e-05
   1.8892461e-05
   2.2038713e-05
   2.4824933e-05
   2.7083561e-05
   2.8548555e-05
   2.9136926e-05
   2.9056459e-05
   2.8724988e-05
   2.8565044e-05
   2.8787279e-05
   2.9280156e-05
   2.9676838e-05
   2.9585476e-05
   2.8878940e-05
   2.7890652e-05
   2.7388610e-05
   2.8295989e-05
   3.1248496e-05
   3.6165364e-05
   4.2022850e-05
   4.6954603e-05
   4.8690004e-05
   4.5217980e-05
   3.5469374e-05
   1.9781000e-05
  -3.8661446e-08
  -2.1087815e-05
  -4.0078387e-05
  -5.4141231e-05
  -6.1480136e-05
  -6.1700257e-05
  -5.5758961e-05
  -4.5601908e-05
  -3.3620426e-05
  -2.2089643e-05
  -1.2725993e-05
  -6.4483172e-06
  -3.3566656e-06
  -2.8833306e-06
  -4.0435586e-06
  -5.7188253e-06
  -6.9229961e-06
  -7.0132451e-06
  -5.8131483e-06
  -3.6236828e-06
  -1.1145413e-06
   8.8463029e-07
   1.6384840e-06
   7.2431348e-07
  -1.8611548e-06
  -5.7358072e-06
  -1.0273394e-05
  -1.4777923e-05
  -1.8621262e-05
  -2.1313567e-05
  -2.2521188e-05
  -2.2066648e-05
  -1.9930593e-05
  -1.6245042e-05
  -1.1252578e-05
  -5.2224419e-06
   1.6519777e-06
   9.3264092e-06
   1.7905790e-05
   2.7555531e-05
   3.8344786e-05
   5.0068976e-05
   6.2107899e-05
   7.3374267e-05
   8.2401707e-05
   8.7602777e-05
   8.7680248e-05
   8.2096644e-05
   7.1427169e-05
   5.7395834e-05
   4.2472288e-05
   2.9082867e-05
   1.8691105e-05
   1.1124610e-05
   4.4879549e-06
  -4.2023368e-06
  -1.7827065e-05
  -3.7864054e-05
  -6.3541076e-05
  -9.1861411e-05
  -1.1854565e-04
  -1.3950165e-04
  -1.5218369e-04
  -1.5626961e-04
  -1.5341229e-04
  -1.4621758e-04
  -1.3689195e-04
  -1.2611563e-04
  -1.1262355e-04
  -9.3726090e-05
  -6.6624196e-05
  -3.0003337e-05
   1.4782816e-05
   6.3490458e-05
   1.0988294e-04
   1.4744380e-04
   1.7127663e-04
   1.7949893e-04
   1.7364993e-04
   1.5802223e-04
   1.3821931e-04
   1.1947415e-04
   1.0527537e-04
   9.6681022e-05
   9.2441297e-05
   8.9785372e-05
   8.5529715e-05
   7.7103304e-05
   6.3178213e-05
   4.3790432e-05
   2.0040539e-05
  -6.4058749e-06
  -3.3778336e-05
  -6.0463484e-05
  -8.5048256e-05
  -1.0625197e-04
  -1.2290735e-04
  -1.3409609e-04
  -1.3941293e-04
  -1.3920507e-04
  -1.3459725e-04
  -1.2720398e-04
  -1.1860230e-04
  -1.0978200e-04
  -1.0081146e-04
  -9.0850543e-05
  -7.8492767e-05
  -6.2313628e-05
  -4.1458267e-05
  -1.6093836e-05
   1.2423065e-05
   4.1735585e-05
   6.8983035e-05
   9.1441267e-05
   1.0709212e-04
   1.1494453e-04
   1.1504239e-04
   1.0822884e-04
   9.5828997e-05
   7.9420544e-05
   6.0778001e-05
   4.1941932e-05
   2.5252144e-05
   1.3166205e-05
   7.7829780e-06
   1.0164269e-05
   1.9716758e-05
   3.3969949e-05
   4.8989906e-05
   6.0404237e-05
   6.4700506e-05
   6.0283901e-05
   4.7860701e-05
   3.0013259e-05
   1.0180802e-05
  -8.5219482e-06
  -2.4212541e-05
  -3.6608880e-05
  -4.6823568e-05
  -5.6738271e-05
  -6.8202692e-05
  -8.2303127e-05
  -9.8889786e-05
  -1.1646649e-04
  -1.3244655e-04
  -1.4368840e-04
  -1.4717326e-04
  -1.4067993e-04
  -1.2332890e-04
  -9.5884003e-05
  -6.0722125e-05
  -2.1432140e-05
   1.7903371e-05
   5.3581367e-05
   8.3068186e-05
   1.0546433e-04
   1.2147854e-04
   1.3288325e-04
   1.4159584e-04
   1.4869060e-04
   1.5372574e-04
   1.5470563e-04
   1.4877683e-04
   1.3344272e-04
   1.0781408e-04
   7.3347972e-05
   3.3729383e-05
  -6.0749005e-06
  -4.1211818e-05
  -6.8251838e-05
  -8.5955252e-05
  -9.5277627e-05
  -9.8688034e-05
  -9.9112492e-05
  -9.8924514e-05
  -9.9342328e-05
  -1.0037574e-04
  -1.0119293e-04
  -1.0059823e-04
  -9.7335493e-05
  -9.0141680e-05
  -7.7723073e-05
  -5.8935092e-05
  -3.3326004e-05
  -1.9197409e-06
   3.2160524e-05
   6.3706856e-05
   8.6368114e-05
   9.4416310e-05
   8.4819905e-05
   5.8864340e-05
   2.2616273e-05
  -1.4124546e-05
  -4.0231828e-05
  -4.6380200e-05
  -2.7966965e-05
   1.3107995e-05
   6.8471199e-05
   1.2528069e-04
   1.6974016e-04
   1.9107470e-04
   1.8465073e-04
   1.5314599e-04
   1.0535480e-04
   5.3079249e-05
   7.2361479e-06
  -2.5472694e-05
  -4.4265744e-05
  -5.3918884e-05
  -6.2572737e-05
  -7.8476088e-05
  -1.0670283e-04
  -1.4688250e-04
  -1.9272004e-04
  -2.3356273e-04
  -2.5760125e-04
  -2.5568089e-04
  -2.2440083e-04
  -1.6736327e-04
  -9.4079540e-05
  -1.6915256e-05
   5.2795315e-05
   1.0802823e-04
   1.4756103e-04
   1.7519720e-04
   1.9711107e-04
   2.1841502e-04
   2.4036674e-04
   2.5940069e-04
   2.6839783e-04
   2.5959416e-04
   2.2780157e-04
   1.7259357e-04
   9.8739730e-05
   1.4985337e-05
  -6.8190285e-05
  -1.4105889e-04
  -1.9669261e-04
  -2.3209375e-04
  -2.4818457e-04
  -2.4875638e-04
  -2.3877129e-04
  -2.2258027e-04
  -2.0261973e-04
  -1.7898343e-04
  -1.4997118e-04
  -1.1336839e-04
  -6.7942403e-05
  -1.4576074e-05
   4.3368564e-05
   1.0054696e-04
   1.5077195e-04
   1.8839695e-04
   2.0951417e-04
   2.1263872e-04
   1.9873909e-04
   1.7070640e-04
   1.3254953e-04
   8.8665122e-05
   4.3415398e-05
   1.0050460e-06
  -3.4582962e-05
  -5.9896463e-05
  -7.2687025e-05
  -7.2719326e-05
  -6.2231258e-05
  -4.5619696e-05
  -2.8306744e-05
  -1.5188087e-05
  -9.2830597e-06
  -1.1084105e-05
  -1.8758631e-05
  -2.9003187e-05
  -3.8152990e-05
  -4.3159852e-05
  -4.2212316e-05
  -3.4967480e-05
  -2.2488164e-05
  -6.9915755e-06
   8.5479527e-06
   2.0958462e-05
   2.7589448e-05
   2.7079967e-05
   1.9942352e-05
   8.6991167e-06
  -2.5771122e-06
  -9.2736648e-06
  -7.5662578e-06
   4.2829505e-06
   2.5051036e-05
   5.0460491e-05
   7.4066831e-05
   8.9033645e-05
   9.0331458e-05
   7.6604581e-05
   5.0909434e-05
   1.9839712e-05
  -8.8356851e-06
  -2.9215002e-05
  -3.9747193e-05
  -4.3994178e-05
  -4.9151367e-05
  -6.2789677e-05
  -8.9149919e-05
  -1.2660324e-04
  -1.6740870e-04
  -1.9989860e-04
  -2.1221823e-04
  -1.9619573e-04
  -1.4999095e-04
  -7.8745796e-05
   6.7695257e-06
   9.2877903e-05
   1.6614903e-04
   2.1611714e-04
   2.3700224e-04
   2.2825628e-04
   1.9408310e-04
   1.4227435e-04
   8.2727269e-05
   2.5886967e-05
  -1.8804944e-05
  -4.4429279e-05
  -4.7932680e-05
  -3.0956971e-05
   2.6103075e-07
   3.6153019e-05
   6.6079925e-05
   8.1007298e-05
   7.5804411e-05
   5.0484619e-05
   1.0072054e-05
  -3.6770993e-05
  -7.9885463e-05
  -1.0993914e-04
  -1.2042319e-04
  -1.0897330e-04
  -7.7825681e-05
  -3.3359838e-05
   1.5174443e-05
   5.7505076e-05
   8.4406259e-05
   8.9580576e-05
   7.0969262e-05
   3.1201458e-05
  -2.2940678e-05
  -8.1941306e-05
  -1.3552319e-04
  -1.7468805e-04
  -1.9333958e-04
  -1.8916073e-04
  -1.6365902e-04
  -1.2151704e-04
  -6.9505383e-05
  -1.5211065e-05
   3.4239002e-05
   7.3333016e-05
   9.9060312e-05
   1.1132176e-04
   1.1266777e-04
   1.0733074e-04
   9.9798375e-05
   9.3410780e-05
   8.9493323e-05
   8.7316929e-05
   8.4819950e-05
   7.9723722e-05
   7.0574207e-05
   5.7356071e-05
   4.1539270e-05
   2.5600793e-05
   1.2174601e-05
   3.0628836e-06
  -1.5798777e-06
  -3.5470141e-06
  -6.1167490e-06
  -1.2835652e-05
  -2.5907839e-05
  -4.4827851e-05
  -6.5919257e-05
  -8.3137732e-05
  -8.9981545e-05
  -8.1869305e-05
  -5.8118854e-05
  -2.2776586e-05
   1.6067512e-05
   4.8344898e-05
   6.4870830e-05
   6.0145400e-05
   3.4206873e-05
  -7.1041376e-06
  -5.3641278e-05
  -9.3818157e-05
  -1.1798068e-04
  -1.2121927e-04
  -1.0470535e-04
  -7.5104412e-05
  -4.2249817e-05
  -1.5845509e-05
  -2.3009089e-06
  -2.7643117e-06
  -1.3008915e-05
  -2.5166749e-05
  -3.0628788e-05
  -2.2998338e-05
   3.6975159e-09
   3.6305906e-05
   8.0801495e-05
   1.2741171e-04
   1.7082761e-04
   2.0713819e-04
   2.3324367e-04
   2.4569827e-04
   2.4002120e-04
   2.1132201e-04
   1.5637486e-04
   7.6388099e-05
  -2.0903958e-05
  -1.2120449e-04
  -2.0634044e-04
  -2.5915489e-04
  -2.6896136e-04
  -2.3543339e-04
  -1.6926656e-04
  -8.9185513e-05
  -1.6316894e-05
   3.2031713e-05
   4.6979593e-05
   2.9576655e-05
  -1.1028576e-05
  -6.1730579e-05
  -1.1013708e-04
  -1.4798989e-04
  -1.7225439e-04
  -1.8385955e-04
  -1.8505242e-04
  -1.7682378e-04
  -1.5767786e-04
  -1.2428111e-04
  -7.3606813e-05
  -5.5090631e-06
   7.5526715e-05
   1.6037141e-04
   2.3718015e-04
   2.9464167e-04
   3.2533012e-04
   3.2784968e-04
   3.0696022e-04
   2.7172654e-04
   2.3251926e-04
   1.9803615e-04
   1.7330215e-04
   1.5904179e-04
   1.5224604e-04
   1.4744118e-04
   1.3816907e-04
   1.1837242e-04
   8.3557515e-05
   3.1676808e-05
  -3.6336598e-05
  -1.1646101e-04
  -2.0195048e-04
  -2.8415015e-04
  -3.5367265e-04
  -4.0180268e-04
  -4.2197607e-04
  -4.1115105e-04
  -3.7082755e-04
  -3.0738798e-04
  -2.3140872e-04
  -1.5575000e-04
  -9.2635839e-05
  -5.0464847e-05
  -3.1445644e-05
  -3.1036009e-05
  -3.9535623e-05
  -4.5319015e-05
  -3.8545003e-05
  -1.4054752e-05
   2.7428892e-05
   8.0011903e-05
   1.3481157e-04
   1.8276677e-04
   2.1715346e-04
   2.3509973e-04
   2.3778981e-04
   2.2947764e-04
   2.1577113e-04
   2.0180600e-04
   1.9086404e-04
   1.8376068e-04
   1.7905497e-04
   1.7392422e-04
   1.6541277e-04
   1.5167525e-04
   1.3279262e-04
   1.1081530e-04
   8.8940510e-05
   7.0101313e-05
   5.5545402e-05
   4.4018956e-05
   3.1908130e-05
   1.4280006e-05
  -1.3574544e-05
  -5.4627668e-05
  -1.0908427e-04
  -1.7407374e-04
  -2.4406182e-04
  -3.1180496e-04
  -3.6959124e-04
  -4.1050562e-04
  -4.2948940e-04
  -4.2402017e-04
  -3.9431720e-04
  -3.4307257e-04
  -2.7480403e-04
  -1.9500401e-04
  -1.0929902e-04
  -2.2810313e-05
   6.0180698e-05
   1.3626872e-04
   2.0274301e-04
   2.5730270e-04
   2.9781824e-04
   3.2231591e-04
   3.2930553e-04
   3.1839766e-04
   2.9095266e-04
   2.5041214e-04
   2.0205251e-04
   1.5212992e-04
   1.0664876e-04
   7.0157526e-05
   4.4968668e-05
   3.1012630e-05
   2.6276352e-05
   2.7581480e-05
   3.1401219e-05
   3.4476911e-05
   3.4119165e-05
   2.8221192e-05
   1.5140031e-05
  -6.3353521e-06
  -3.6762065e-05
  -7.5567132e-05
  -1.2051981e-04
  -1.6747522e-04
  -2.1066808e-04
  -2.4363773e-04
  -2.6061220e-04
  -2.5798227e-04
  -2.3542323e-04
  -1.9627987e-04
  -1.4700663e-04
  -9.5720067e-05
  -5.0211216e-05
  -1.5978229e-05
   5.1169178e-06
   1.5129360e-05
   1.9144099e-05
   2.3504229e-05
   3.3741228e-05
   5.2889936e-05
   8.0716083e-05
   1.1403675e-04
   1.4791475e-04
   1.7721886e-04
   1.9797341e-04
   2.0808336e-04
   2.0732616e-04
   1.9680523e-04
   1.7822807e-04
   1.5335141e-04
   1.2376607e-04
   9.0978392e-05
   5.6590707e-05
   2.2360788e-05
  -9.9755027e-06
  -3.9072123e-05
  -6.4345044e-05
  -8.6105055e-05
  -1.0527713e-04
  -1.2273593e-04
  -1.3854256e-04
  -1.5151592e-04
  -1.5948090e-04
  -1.6020445e-04
  -1.5262255e-04
  -1.3771735e-04
  -1.1850322e-04
  -9.9002411e-05
  -8.2616007e-05
  -7.0639520e-05
  -6.1653756e-05
  -5.2152012e-05
  -3.8216954e-05
  -1.7574983e-05
   8.8659319e-06
   3.6751583e-05
   5.9579739e-05
   7.1199921e-05
   6.8565407e-05
   5.3551994e-05
   3.2954197e-05
   1.6511575e-05
   1.3653570e-05
   3.0173187e-05
   6.6037056e-05
   1.1508218e-04
   1.6667451e-04
   2.0875611e-04
   2.3127351e-04
   2.2888790e-04
   2.0215422e-04
   1.5691319e-04
   1.0224495e-04
   4.7754837e-05
   1.0742509e-06
  -3.3727081e-05
  -5.6496230e-05
  -7.0211847e-05
  -7.9470157e-05
  -8.8799373e-05
  -1.0131668e-04
  -1.1804959e-04
  -1.3798185e-04
  -1.5864984e-04
  -1.7698495e-04
  -1.9010079e-04
  -1.9583391e-04
  -1.9299216e-04
  -1.8137105e-04
  -1.6162766e-04
  -1.3507227e-04
  -1.0340485e-04
  -6.8424480e-05
  -3.1767444e-05
   5.2524621e-06
   4.1649271e-05
   7.6620990e-05
   1.0932824e-04
   1.3870466e-04
   1.6339444e-04
   1.8185808e-04
   1.9262477e-04
   1.9462412e-04
   1.8750600e-04
   1.7184856e-04
   1.4916673e-04
   1.2168160e-04
   9.1894389e-05
   6.2093298e-05
   3.3958408e-05
   8.3947751e-06
  -1.4366605e-05
  -3.4459041e-05
  -5.1987266e-05
  -6.6699331e-05
  -7.7853694e-05
  -8.4355332e-05
  -8.5142270e-05
  -7.9697914e-05
  -6.8485066e-05
  -5.3089669e-05
  -3.5957916e-05
  -1.9794034e-05
  -6.8703590e-06
   1.4374067e-06
   4.7020488e-06
   3.1390713e-06
  -2.8031312e-06
  -1.2679872e-05
  -2.5987169e-05
  -4.1882875e-05
  -5.8911290e-05
  -7.4947897e-05
  -8.7464969e-05
  -9.4062837e-05
  -9.3087759e-05
  -8.4110401e-05
  -6.8082915e-05
  -4.7109352e-05
  -2.3906866e-05
  -1.1443080e-06
   1.9123974e-05
   3.5766901e-05
   4.8578705e-05
   5.8041895e-05
   6.4987407e-05
   7.0283567e-05
   7.4624581e-05
   7.8419703e-05
   8.1749026e-05
   8.4358979e-05
   8.5696909e-05
   8.5001772e-05
   8.1461920e-05
   7.4423040e-05
   6.3597324e-05
   4.9212519e-05
   3.2058874e-05
   1.3429770e-05
  -5.0242140e-06
  -2.1515516e-05
  -3.4416492e-05
  -4.2612657e-05
  -4.5823673e-05
  -4.4742657e-05
  -4.0863796e-05
  -3.5992576e-05
  -3.1604111e-05
  -2.8324893e-05
  -2.5781475e-05
  -2.2895588e-05
  -1.8499551e-05
  -1.2005677e-05
  -3.8495503e-06
   4.4680422e-06
   1.0750716e-05
   1.2746206e-05
   8.8317313e-06
  -1.4761501e-06
  -1.7336509e-05
  -3.6765683e-05
  -5.7113515e-05
  -7.5668944e-05
  -9.0189586e-05
  -9.9188179e-05
  -1.0191891e-04
  -9.8142537e-05
  -8.7843519e-05
  -7.1075630e-05
  -4.8026382e-05
  -1.9268836e-05
   1.3928186e-05
   4.9399856e-05
   8.4137903e-05
   1.1465540e-04
   1.3760477e-04
   1.5047937e-04
   1.5217592e-04
   1.4322853e-04
   1.2563533e-04
   1.0233871e-04
   7.6532049e-05
   5.1009975e-05
   2.7745170e-05
   7.7810635e-06
  -8.5877837e-06
  -2.1475552e-05
  -3.1078685e-05
  -3.7509260e-05
  -4.0846721e-05
  -4.1356254e-05
  -3.9734686e-05
  -3.7217098e-05
  -3.5427131e-05
  -3.5967426e-05
  -3.9875565e-05
  -4.7154582e-05
  -5.6585258e-05
  -6.5938490e-05
  -7.2562664e-05
  -7.4176109e-05
  -6.9604229e-05
  -5.9202932e-05
  -4.4806517e-05
  -2.9195764e-05
  -1.5247249e-05
  -5.0414986e-06
   7.6879824e-07
   3.1134569e-06
   4.1296083e-06
   6.3870715e-06
   1.1978160e-05
   2.1774599e-05
   3.5091224e-05
   4.9857932e-05
   6.3236591e-05
   7.2482793e-05
   7.5783192e-05
   7.2811776e-05
   6.4834319e-05
   5.4323922e-05
   4.4195554e-05
   3.6885043e-05
   3.3555716e-05
   3.3690728e-05
   3.5218149e-05
   3.5148165e-05
   3.0534518e-05
   1.9464057e-05
   1.7635939e-06
  -2.0803723e-05
  -4.4922961e-05
  -6.6579465e-05
  -8.2118209e-05
  -8.9193865e-05
  -8.7344410e-05
  -7.8047672e-05
  -6.4271717e-05
  -4.9659134e-05
  -3.7566045e-05
  -3.0202646e-05
  -2.8093413e-05
  -2.9994946e-05
  -3.3291487e-05
  -3.4761866e-05
  -3.1512976e-05
  -2.1830762e-05
  -5.7198130e-06
   1.5019418e-05
   3.7209302e-05
   5.7111643e-05
   7.1428328e-05
   7.8203823e-05
   7.7353951e-05
   7.0637491e-05
   6.1049609e-05
   5.1808041e-05
   4.5262013e-05
   4.2112241e-05
   4.1244843e-05
   4.0264167e-05
   3.6534495e-05
   2.8322384e-05
   1.5573305e-05
  -3.3890427e-09
