   2.8162307e-08
   1.2394786e-05
   2.3357018e-05
   3.1919953e-05
   3.7769391e-05
   4.1256910e-05
   4.3126731e-05
   4.4144291e-05
   4.4817330e-05
   4.5338560e-05
   4.5749148e-05
   4.6193052e-05
   4.7074458e-05
   4.8978271e-05
   5.2347840e-05
   5.7067131e-05
   6.2179705e-05
   6.5938444e-05
   6.6232042e-05
   6.1254151e-05
   5.0162571e-05
   3.3472945e-05
   1.3032107e-05
  -8.4341095e-06
  -2.8059807e-05
  -4.3625539e-05
  -5.4125747e-05
  -5.9916043e-05
  -6.2389541e-05
  -6.3314138e-05
  -6.4098271e-05
  -6.5277258e-05
  -6.6414044e-05
  -6.6432820e-05
  -6.4230812e-05
  -5.9311274e-05
  -5.2179588e-05
  -4.4335226e-05
  -3.7839473e-05
  -3.4592235e-05
  -3.5559642e-05
  -4.0220434e-05
  -4.6434257e-05
  -5.0804665e-05
  -4.9460999e-05
  -3.9062703e-05
  -1.7766408e-05
   1.4100559e-05
   5.3851542e-05
   9.6812821e-05
   1.3718773e-04
   1.6920415e-04
   1.8824847e-04
   1.9168903e-04
   1.7918592e-04
   1.5244506e-04
   1.1455022e-04
   6.9142899e-05
   1.9759112e-05
  -3.0457511e-05
  -7.8639952e-05
  -1.2186146e-04
  -1.5688020e-04
  -1.8023574e-04
  -1.8879865e-04
  -1.8064365e-04
  -1.5592856e-04
  -1.1740074e-04
  -7.0242179e-05
  -2.1171142e-05
   2.3026078e-05
   5.7132903e-05
   7.8789499e-05
   8.8960118e-05
   9.1350047e-05
   9.0904573e-05
   9.1876284e-05
   9.6140650e-05
   1.0238119e-04
   1.0646870e-04
   1.0293576e-04
   8.7053478e-05
   5.6792285e-05
   1.3972425e-05
  -3.5820055e-05
  -8.4551474e-05
  -1.2386553e-04
  -1.4731749e-04
  -1.5200270e-04
  -1.3909622e-04
  -1.1320473e-04
  -8.0826581e-05
  -4.8481927e-05
  -2.1120847e-05
  -1.2432592e-06
   1.1137040e-05
   1.7843088e-05
   2.1534918e-05
   2.4720607e-05
   2.9048473e-05
   3.5005410e-05
   4.2008821e-05
   4.8785351e-05
   5.3884221e-05
   5.6167358e-05
   5.5145631e-05
   5.1086094e-05
   4.4888005e-05
   3.7792624e-05
   3.1026822e-05
   2.5472187e-05
   2.1416921e-05
   1.8421663e-05
   1.5333693e-05
   1.0502493e-05
   2.2409761e-06
  -1.0495132e-05
  -2.7365967e-05
  -4.6125743e-05
  -6.2637674e-05
  -7.1626726e-05
  -6.8110769e-05
  -4.9136411e-05
  -1.5224465e-05
   2.9067852e-05
   7.5799741e-05
   1.1541641e-04
   1.3911098e-04
   1.4100822e-04
   1.1944524e-04
   7.6964645e-05
   1.9143634e-05
  -4.7159232e-05
  -1.1536786e-04
  -1.7996358e-04
  -2.3632025e-04
  -2.7995015e-04
  -3.0582407e-04
  -3.0840383e-04
  -2.8266865e-04
  -2.2589206e-04
  -1.3949008e-04
  -3.0130046e-05
   9.0484231e-05
   2.0728175e-04
   3.0459966e-04
   3.6936616e-04
   3.9385021e-04
   3.7723208e-04
   3.2556236e-04
   2.5012414e-04
   1.6465996e-04
   8.2237577e-05
   1.2610689e-05
  -3.9248773e-05
  -7.3160809e-05
  -9.2477445e-05
  -1.0212747e-04
  -1.0670048e-04
  -1.0918780e-04
  -1.1067036e-04
  -1.1085091e-04
  -1.0902456e-04
  -1.0496982e-04
  -9.9344147e-05
  -9.3425905e-05
  -8.8354493e-05
  -8.4260168e-05
  -7.9748419e-05
  -7.2070582e-05
  -5.8019842e-05
  -3.5264293e-05
  -3.6142712e-06
   3.4285262e-05
   7.3152918e-05
   1.0617323e-04
   1.2671558e-04
   1.3016518e-04
   1.1528918e-04
   8.4674497e-05
   4.4066657e-05
   8.2503633e-07
  -3.7962731e-05
  -6.7046339e-05
  -8.3756084e-05
  -8.7796731e-05
  -8.0387000e-05
  -6.3303626e-05
  -3.8358059e-05
  -7.5179835e-06
   2.6551870e-05
   6.0073992e-05
   8.8415352e-05
   1.0721043e-04
   1.1398016e-04
   1.0940824e-04
   9.7382433e-05
   8.3409216e-05
   7.1875548e-05
   6.3392088e-05
   5.3642134e-05
   3.4609934e-05
  -2.0000622e-06
  -6.0417982e-05
  -1.3738022e-04
  -2.2124816e-04
  -2.9435838e-04
  -3.3799464e-04
  -3.3827436e-04
  -2.9081377e-04
  -2.0246683e-04
  -8.9538799e-05
   2.6828904e-05
   1.2646786e-04
   1.9530727e-04
   2.2837322e-04
   2.3005068e-04
   2.1184514e-04
   1.8848449e-04
   1.7346964e-04
   1.7516790e-04
   1.9435169e-04
   2.2378421e-04
   2.5004673e-04
   2.5728603e-04
   2.3200907e-04
   1.6763027e-04
   6.7371288e-05
  -5.5551854e-05
  -1.8075815e-04
  -2.8585929e-04
  -3.5239480e-04
  -3.7064051e-04
  -3.4174552e-04
  -2.7661785e-04
  -1.9215454e-04
  -1.0629397e-04
  -3.3602982e-05
   1.7331382e-05
   4.4280490e-05
   4.9944980e-05
   3.9665852e-05
   1.9297526e-05
  -6.0589269e-06
  -3.2296865e-05
  -5.5852404e-05
  -7.3150854e-05
  -8.0477002e-05
  -7.4481339e-05
  -5.3156065e-05
  -1.6859360e-05
   3.1068030e-05
   8.4389062e-05
   1.3481622e-04
   1.7347679e-04
   1.9273313e-04
   1.8800328e-04
   1.5916279e-04
   1.1111288e-04
   5.3211173e-05
  -2.5009211e-06
  -4.3984409e-05
  -6.2145616e-05
  -5.3191932e-05
  -1.9682660e-05
   3.0045818e-05
   8.3895691e-05
   1.2885058e-04
   1.5383758e-04
   1.5190371e-04
   1.2132345e-04
   6.5626272e-05
  -7.2044482e-06
  -8.6043892e-05
  -1.5823571e-04
  -2.1142409e-04
  -2.3556469e-04
  -2.2494953e-04
  -1.7987274e-04
  -1.0740393e-04
  -2.0766105e-05
   6.2896938e-05
   1.2608605e-04
   1.5504336e-04
   1.4325130e-04
   9.3254355e-05
   1.6177212e-05
  -7.0980616e-05
  -1.4949866e-04
  -2.0333814e-04
  -2.2257699e-04
  -2.0503196e-04
  -1.5583218e-04
  -8.5337681e-05
  -6.2246482e-06
   6.9349256e-05
   1.3181799e-04
   1.7524028e-04
   1.9738597e-04
   1.9917127e-04
   1.8376991e-04
   1.5566195e-04
   1.1977375e-04
   8.0748353e-05
   4.2338934e-05
   6.9748885e-06
  -2.4370998e-05
  -5.1900794e-05
  -7.6312893e-05
  -9.7925440e-05
  -1.1593477e-04
  -1.2815112e-04
  -1.3141309e-04
  -1.2263073e-04
  -1.0013351e-04
  -6.4821420e-05
  -2.0627098e-05
   2.5989830e-05
   6.7453427e-05
   9.6987092e-05
   1.1043170e-04
   1.0736868e-04
   9.1160452e-05
   6.7869950e-05
   4.4396294e-05
   2.6434502e-05
   1.6927381e-05
   1.5496270e-05
   1.8978736e-05
   2.2808356e-05
   2.2699169e-05
   1.6043376e-05
   2.5955214e-06
  -1.5690265e-05
  -3.5507898e-05
  -5.3371156e-05
  -6.6689926e-05
  -7.4404976e-05
  -7.7005941e-05
  -7.5972788e-05
  -7.2882586e-05
  -6.8549416e-05
  -6.2560747e-05
  -5.3418098e-05
  -3.9233364e-05
  -1.8694740e-05
   8.0799116e-06
   3.9105797e-05
   7.0639852e-05
   9.7808023e-05
   1.1562620e-04
   1.2021648e-04
   1.0993690e-04
   8.6078707e-05
   5.2815761e-05
   1.6271819e-05
  -1.7119344e-05
  -4.2463268e-05
  -5.7794400e-05
  -6.4441316e-05
  -6.6175510e-05
  -6.7437103e-05
  -7.1311551e-05
  -7.8044704e-05
  -8.4690862e-05
  -8.6071508e-05
  -7.6736517e-05
  -5.3237073e-05
  -1.5879628e-05
   3.0708832e-05
   7.8462596e-05
   1.1795045e-04
   1.4096275e-04
   1.4276984e-04
   1.2335518e-04
   8.7300837e-05
   4.2443864e-05
  -2.2245505e-06
  -3.8774963e-05
  -6.2063814e-05
  -7.0558475e-05
  -6.6140591e-05
  -5.3050682e-05
  -3.6355073e-05
  -2.0420105e-05
  -7.8433168e-06
   8.7818209e-07
   6.9198801e-06
   1.2182419e-05
   1.8235000e-05
   2.5573568e-05
   3.3468334e-05
   4.0419306e-05
   4.4974248e-05
   4.6500183e-05
   4.5516106e-05
   4.3395357e-05
   4.1546063e-05
   4.0438054e-05
   3.8941102e-05
   3.4327490e-05
   2.3025952e-05
   1.9107117e-06
  -3.0312549e-05
  -7.2125211e-05
  -1.1900484e-04
  -1.6415530e-04
  -1.9997949e-04
  -2.1986800e-04
  -2.1978097e-04
  -1.9918316e-04
  -1.6109845e-04
  -1.1129327e-04
  -5.6812826e-05
  -4.2560185e-06
   4.1735508e-05
   7.9327529e-05
   1.0941922e-04
   1.3468406e-04
   1.5807407e-04
   1.8132782e-04
   2.0402198e-04
   2.2350861e-04
   2.3574871e-04
   2.3670394e-04
   2.2373148e-04
   1.9644879e-04
   1.5679641e-04
   1.0839205e-04
   5.5548041e-05
   2.3833461e-06
  -4.7690130e-05
  -9.2071079e-05
  -1.2882292e-04
  -1.5650997e-04
  -1.7419021e-04
  -1.8160463e-04
  -1.7945581e-04
  -1.6957278e-04
  -1.5476337e-04
  -1.3827578e-04
  -1.2298240e-04
  -1.1056810e-04
  -1.0105523e-04
  -9.2888918e-05
  -8.3581284e-05
  -7.0671408e-05
  -5.2613634e-05
  -2.9236323e-05
  -1.6190895e-06
   2.8472505e-05
   5.9231630e-05
   8.9144184e-05
   1.1681683e-04
   1.4041853e-04
   1.5712179e-04
   1.6300692e-04
   1.5373679e-04
   1.2598480e-04
   7.9238622e-05
   1.7341986e-05
  -5.0925341e-05
  -1.1274928e-04
  -1.5377384e-04
  -1.6174036e-04
  -1.3030881e-04
  -6.1829502e-05
   3.2010046e-05
   1.3214283e-04
   2.1632832e-04
   2.6450952e-04
   2.6387144e-04
   2.1227409e-04
   1.1920993e-04
   4.0568184e-06
  -1.0801289e-04
  -1.9163874e-04
  -2.2724002e-04
  -2.0601264e-04
  -1.3263929e-04
  -2.4714610e-05
   9.1384202e-05
   1.8736098e-04
   2.4068647e-04
   2.4065802e-04
   1.9078265e-04
   1.0669003e-04
   1.0401364e-05
  -7.6912491e-05
  -1.4110172e-04
  -1.7813058e-04
  -1.9339992e-04
  -1.9806238e-04
  -2.0406223e-04
  -2.1976418e-04
  -2.4743054e-04
  -2.8289044e-04
  -3.1696963e-04
  -3.3787865e-04
  -3.3383054e-04
  -2.9552403e-04
  -2.1848386e-04
  -1.0524940e-04
   3.3070836e-05
   1.7694511e-04
   3.0136207e-04
   3.8176832e-04
   4.0168945e-04
   3.5944442e-04
   2.7108134e-04
   1.6765564e-04
   8.6931627e-05
   6.1779589e-05
   1.0906523e-04
   2.2298026e-04
   3.7538152e-04
   5.2330437e-04
   6.2134206e-04
   6.3495488e-04
   5.5049554e-04
   3.7881303e-04
   1.5135774e-04
  -8.9828965e-05
  -3.0475152e-04
  -4.6629480e-04
  -5.6557443e-04
  -6.1036008e-04
  -6.1791802e-04
  -6.0571999e-04
  -5.8398660e-04
  -5.5283844e-04
  -5.0458330e-04
  -4.2947685e-04
  -3.2210384e-04
  -1.8567478e-04
  -3.2726745e-05
   1.1769112e-04
   2.4496641e-04
   3.3209241e-04
   3.6944734e-04
   3.5639203e-04
   3.0073995e-04
   2.1667468e-04
   1.2180407e-04
   3.3907141e-05
  -3.2201575e-05
  -6.7244021e-05
  -6.8942665e-05
  -4.1896607e-05
   4.2266975e-06
   5.7684611e-05
   1.0785030e-04
   1.4753431e-04
   1.7376566e-04
   1.8703238e-04
   1.8959218e-04
   1.8374065e-04
   1.7078439e-04
   1.5102251e-04
   1.2452331e-04
   9.2138419e-05
   5.6158069e-05
   2.0247267e-05
  -1.1350583e-05
  -3.5062899e-05
  -4.9257366e-05
  -5.5092910e-05
  -5.6624028e-05
  -6.0017645e-05
  -7.1970837e-05
  -9.7655518e-05
  -1.3871574e-04
  -1.9193756e-04
  -2.4913467e-04
  -2.9851556e-04
  -3.2736488e-04
  -3.2541406e-04
  -2.8796887e-04
  -2.1782985e-04
  -1.2530712e-04
  -2.6129376e-05
   6.2337384e-05
   1.2557798e-04
   1.5582291e-04
   1.5414155e-04
   1.3003009e-04
   9.8537345e-05
   7.5715779e-05
   7.3713497e-05
   9.6994057e-05
   1.4091351e-04
   1.9321442e-04
   2.3805863e-04
   2.6130246e-04
   2.5519021e-04
   2.2078436e-04
   1.6726419e-04
   1.0839409e-04
   5.7512885e-05
   2.2910491e-05
   5.2548728e-06
  -2.0863632e-06
  -1.0077589e-05
  -2.9589629e-05
  -6.7166072e-05
  -1.2247956e-04
  -1.8830337e-04
  -2.5288471e-04
  -3.0374733e-04
  -3.3149613e-04
  -3.3230972e-04
  -3.0841039e-04
  -2.6660325e-04
  -2.1563112e-04
  -1.6337225e-04
  -1.1479382e-04
  -7.1198084e-05
  -3.0825481e-05
   9.5624669e-06
   5.2806303e-05
   9.9919211e-05
   1.4958413e-04
   1.9858819e-04
   2.4279562e-04
   2.7813314e-04
   3.0124531e-04
   3.0980503e-04
   3.0270417e-04
   2.8035656e-04
   2.4514390e-04
   2.0177902e-04
   1.5721330e-04
   1.1976157e-04
   9.7345787e-05
   9.5101504e-05
   1.1296211e-04
   1.4412022e-04
   1.7529485e-04
   1.8934464e-04
   1.6995678e-04
   1.0716697e-04
   1.7727909e-06
  -1.3329544e-04
  -2.7573768e-04
  -4.0039378e-04
  -4.8750408e-04
  -5.2964306e-04
  -5.3430129e-04
  -5.2055672e-04
  -5.1075034e-04
  -5.2043911e-04
  -5.5085415e-04
  -5.8707667e-04
  -6.0272243e-04
  -5.6935205e-04
  -4.6719458e-04
  -2.9351107e-04
  -6.5855294e-05
   1.8086423e-04
   4.0278237e-04
   5.5865333e-04
   6.2143242e-04
   5.8665331e-04
   4.7520533e-04
   3.2956448e-04
   2.0420780e-04
   1.5238768e-04
   2.1232850e-04
   3.9610720e-04
   6.8402033e-04
   1.0262156e-03
   1.3518680e-03
   1.5843487e-03
   1.6589932e-03
   1.5388091e-03
   1.2234653e-03
   7.4861371e-04
   1.7574323e-04
  -4.2377592e-04
  -9.8466520e-04
  -1.4583171e-03
  -1.8153766e-03
  -2.0415417e-03
  -2.1307121e-03
  -2.0802279e-03
  -1.8910918e-03
  -1.5728460e-03
  -1.1498296e-03
  -6.6434515e-04
  -1.7341001e-04
   2.6128352e-04
   5.8728307e-04
   7.7425781e-04
   8.2110890e-04
   7.5469151e-04
   6.2060329e-04
   4.6928751e-04
   3.4219322e-04
   2.6243716e-04
   2.3251938e-04
   2.3895711e-04
   2.6127936e-04
   2.8154909e-04
   2.9083613e-04
   2.9064786e-04
   2.8954520e-04
   2.9710772e-04
   3.1825838e-04
   3.5039742e-04
   3.8418876e-04
   4.0706851e-04
   4.0750236e-04
   3.7812645e-04
   3.1691102e-04
   2.2667833e-04
   1.1398513e-04
  -1.1727623e-05
  -1.3846389e-04
  -2.5191007e-04
  -3.3632119e-04
  -3.7661471e-04
  -3.6169826e-04
  -2.8840060e-04
  -1.6479375e-04
  -1.1390279e-05
   1.4107709e-04
   2.5766203e-04
   3.0788996e-04
   2.7457770e-04
   1.5963799e-04
  -1.5571721e-05
  -2.1598658e-04
  -4.0315710e-04
  -5.4701907e-04
  -6.3527694e-04
  -6.7695246e-04
  -6.9817509e-04
  -7.3083995e-04
  -7.9769673e-04
  -8.9952860e-04
  -1.0100318e-03
  -1.0813540e-03
  -1.0589698e-03
  -9.0066000e-04
  -5.9264031e-04
  -1.5700746e-04
   3.5195368e-04
   8.6093950e-04
   1.2955175e-03
   1.5971168e-03
   1.7348398e-03
   1.7102106e-03
   1.5549859e-03
   1.3230747e-03
   1.0778213e-03
   8.7641716e-04
   7.5445258e-04
   7.1488924e-04
   7.2570326e-04
   7.2841662e-04
   6.5624327e-04
   4.5697709e-04
   1.1340287e-04
  -3.4615688e-04
  -8.5207530e-04
  -1.3124472e-03
  -1.6410114e-03
  -1.7838315e-03
  -1.7345589e-03
  -1.5327032e-03
  -1.2463682e-03
  -9.4698266e-04
  -6.8610223e-04
  -4.8270008e-04
  -3.2459363e-04
  -1.8189399e-04
  -2.5907782e-05
   1.5460769e-04
   3.4616094e-04
   5.1448727e-04
   6.1755228e-04
   6.2223324e-04
   5.1839145e-04
   3.2537285e-04
   8.8824172e-05
  -1.3102018e-04
  -2.7581330e-04
  -3.0528655e-04
  -2.0834683e-04
  -5.8359319e-06
   2.5583175e-04
   5.1820662e-04
   7.2733548e-04
   8.4810970e-04
   8.7193032e-04
   8.1540868e-04
   7.1083773e-04
   5.9195452e-04
   4.8018849e-04
   3.7661862e-04
   2.6305683e-04
   1.1235101e-04
  -9.5776249e-05
  -3.5967795e-04
  -6.4803648e-04
  -9.0342126e-04
  -1.0569268e-03
  -1.0494637e-03
  -8.5272090e-04
  -4.8275657e-04
  -1.4500357e-06
   4.9524963e-04
   8.9938127e-04
   1.1173311e-03
   1.0931130e-03
   8.2203680e-04
   3.5117521e-04
  -2.3285014e-04
  -8.2444758e-04
  -1.3216601e-03
  -1.6448639e-03
  -1.7480115e-03
  -1.6219217e-03
  -1.2914026e-03
  -8.0869374e-04
  -2.4500388e-04
   3.1929863e-04
   8.0593820e-04
   1.1510453e-03
   1.3167580e-03
   1.2989838e-03
   1.1280392e-03
   8.6057719e-04
   5.6430099e-04
   3.0004284e-04
   1.0719760e-04
  -2.6304731e-06
  -4.2194777e-05
  -3.7742266e-05
  -1.5834866e-05
   6.6290371e-06
   2.5673532e-05
   4.6562363e-05
   7.5941879e-05
   1.1399268e-04
   1.5028230e-04
   1.6516330e-04
   1.3625972e-04
   4.7614598e-05
  -1.0201942e-04
  -2.9512131e-04
  -4.9752608e-04
  -6.6644506e-04
  -7.6193246e-04
  -7.5813605e-04
  -6.5080946e-04
  -4.5887901e-04
  -2.1976121e-04
   2.0071685e-05
   2.1658559e-04
   3.3863813e-04
   3.7465130e-04
   3.3382222e-04
   2.4177887e-04
   1.3226628e-04
   3.7588900e-05
  -1.9322095e-05
  -2.9196592e-05
   3.5433926e-06
   6.4241255e-05
   1.3332279e-04
   1.9172306e-04
   2.2515422e-04
   2.2661805e-04
   1.9706517e-04
   1.4435780e-04
   8.0857431e-05
   2.0147080e-05
  -2.6416824e-05
  -5.2533588e-05
  -5.8440301e-05
  -5.0570941e-05
  -3.9349871e-05
  -3.5611364e-05
  -4.6634767e-05
  -7.3086753e-05
  -1.0809924e-04
  -1.3915482e-04
  -1.5245831e-04
  -1.3839470e-04
  -9.6032799e-05
  -3.4805178e-05
   2.7528249e-05
   7.0141368e-05
   7.5919755e-05
   3.7488647e-05
  -3.9493009e-05
  -1.3681416e-04
  -2.2783340e-04
  -2.8412757e-04
  -2.8300719e-04
  -2.1408161e-04
  -8.3133579e-05
   8.8091560e-05
   2.6669669e-04
   4.1706050e-04
   5.1031506e-04
   5.3158182e-04
   4.8244582e-04
   3.7816739e-04
   2.4135074e-04
   9.5028874e-05
  -4.2175432e-05
  -1.5766407e-04
  -2.4388469e-04
  -2.9647470e-04
  -3.1317435e-04
  -2.9417530e-04
  -2.4338999e-04
  -1.6944158e-04
  -8.5288386e-05
  -6.1347675e-06
   5.3822541e-05
   8.4673742e-05
   8.2916423e-05
   5.1686129e-05
  -9.1609801e-07
  -6.4703081e-05
  -1.3033070e-04
  -1.9110581e-04
  -2.4301080e-04
  -2.8313550e-04
  -3.0750680e-04
  -3.0966627e-04
  -2.8109287e-04
  -2.1378013e-04
  -1.0424500e-04
   4.2605223e-05
   2.1158092e-04
   3.7858561e-04
   5.1536462e-04
   5.9639013e-04
   6.0574060e-04
   5.4174119e-04
   4.1785092e-04
   2.5949697e-04
   9.7821932e-05
  -3.7791299e-05
  -1.2630014e-04
  -1.5901879e-04
  -1.4032976e-04
  -8.5363246e-05
  -1.5643218e-05
   4.6026699e-05
   8.0278319e-05
   7.4670402e-05
   2.5537046e-05
  -6.1849987e-05
  -1.7456435e-04
  -2.9435767e-04
  -4.0062009e-04
  -4.7361148e-04
  -4.9767548e-04
  -4.6413321e-04
  -3.7343376e-04
  -2.3600288e-04
  -7.1245509e-05
   9.5536936e-05
   2.3795262e-04
   3.3399583e-04
   3.7071639e-04
   3.4673777e-04
   2.7197331e-04
   1.6481643e-04
   4.7795946e-05
  -5.7076654e-05
  -1.3223883e-04
  -1.6715010e-04
  -1.5925255e-04
  -1.1339086e-04
  -4.0053851e-05
   4.6999897e-05
   1.3316413e-04
   2.0507924e-04
   2.5226087e-04
   2.6824424e-04
   2.5121475e-04
   2.0406411e-04
   1.3383738e-04
   5.0606432e-05
  -3.4115406e-05
  -1.0921907e-04
  -1.6582200e-04
  -1.9871677e-04
  -2.0708515e-04
  -1.9421027e-04
  -1.6616307e-04
  -1.2980507e-04
  -9.0787821e-05
  -5.2314771e-05
  -1.5139870e-05
   2.1279979e-05
   5.7086017e-05
   9.0600853e-05
   1.1787153e-04
   1.3344442e-04
   1.3215811e-04
   1.1132387e-04
   7.2442441e-05
   2.1685387e-05
  -3.1225453e-05
  -7.5496313e-05
  -1.0229101e-04
  -1.0725518e-04
  -9.1661334e-05
  -6.1819984e-05
  -2.7015421e-05
   3.3064326e-06
   2.2177214e-05
   2.6754335e-05
   1.8516532e-05
   2.0594195e-06
  -1.6945699e-05
  -3.3762250e-05
  -4.5757064e-05
  -5.2340550e-05
  -5.3906979e-05
  -5.0510896e-05
  -4.1135658e-05
  -2.4054390e-05
   1.8553400e-06
   3.5537694e-05
   7.2796851e-05
   1.0656054e-04
   1.2844946e-04
   1.3117354e-04
   1.1091710e-04
   6.8857785e-05
   1.1292277e-05
  -5.1643642e-05
  -1.0821009e-04
  -1.4757927e-04
  -1.6200931e-04
  -1.4826774e-04
  -1.0812345e-04
  -4.7885161e-05
   2.2911201e-05
   9.3408337e-05
   1.5349904e-04
   1.9555424e-04
   2.1539369e-04
   2.1234189e-04
   1.8852899e-04
   1.4784819e-04
   9.5056617e-05
   3.5340913e-05
  -2.5681204e-05
  -8.1889496e-05
  -1.2698504e-04
  -1.5545832e-04
  -1.6403819e-04
  -1.5307608e-04
  -1.2717322e-04
  -9.4550409e-05
  -6.5135037e-05
  -4.7881859e-05
  -4.8176540e-05
  -6.6143047e-05
  -9.6360955e-05
  -1.2908154e-04
  -1.5264920e-04
  -1.5654141e-04
  -1.3426376e-04
  -8.5313150e-05
  -1.5606012e-05
   6.3823011e-05
   1.3950606e-04
   1.9881107e-04
   2.3283407e-04
   2.3813617e-04
   2.1696300e-04
   1.7606614e-04
   1.2463414e-04
   7.2020438e-05
   2.5889418e-05
  -8.8502953e-06
  -3.0260391e-05
  -3.8901672e-05
  -3.6961571e-05
  -2.7301918e-05
  -1.2727213e-05
   4.3312817e-06
   2.1717799e-05
   3.7253251e-05
   4.8541510e-05
   5.3103432e-05
   4.8864074e-05
   3.4828929e-05
   1.1683280e-05
  -1.7953611e-05
  -4.9805733e-05
  -7.8779128e-05
  -1.0019004e-04
  -1.1103106e-04
  -1.1085110e-04
  -1.0190805e-04
  -8.8487051e-05
  -7.5588365e-05
  -6.7426938e-05
  -6.6216720e-05
  -7.1550603e-05
  -8.0471023e-05
  -8.8170730e-05
  -8.9168206e-05
  -7.8720640e-05
  -5.4166013e-05
  -1.5868860e-05
   3.2487069e-05
   8.4376354e-05
   1.3162103e-04
   1.6604887e-04
   1.8122614e-04
   1.7381968e-04
   1.4425108e-04
   9.6542132e-05
   3.7501637e-05
  -2.4446436e-05
  -8.0484958e-05
  -1.2246821e-04
  -1.4377227e-04
  -1.4000759e-04
  -1.0970667e-04
  -5.4985378e-05
   1.8046486e-05
   9.9524229e-05
   1.7705943e-04
   2.3796438e-04
   2.7199751e-04
   2.7381741e-04
   2.4431448e-04
   1.9030708e-04
   1.2262086e-04
   5.3122294e-05
  -8.3621941e-06
  -5.6290222e-05
  -9.0178277e-05
  -1.1378663e-04
  -1.3309821e-04
  -1.5381482e-04
  -1.7918993e-04
  -2.0886153e-04
  -2.3899413e-04
  -2.6359835e-04
  -2.7652303e-04
  -2.7343435e-04
  -2.5314977e-04
  -2.1793551e-04
  -1.7271380e-04
  -1.2346503e-04
  -7.5355738e-05
  -3.1206694e-05
   9.1921390e-06
   4.8682461e-05
   9.1370021e-05
   1.4072392e-04
   1.9775030e-04
   2.5981676e-04
   3.2050464e-04
   3.7058303e-04
   3.9990443e-04
   3.9976964e-04
   3.6516120e-04
   2.9626648e-04
   1.9891188e-04
   8.3827917e-05
  -3.5059562e-05
  -1.4293849e-04
  -2.2656731e-04
  -2.7642751e-04
  -2.8819321e-04
  -2.6326862e-04
  -2.0830263e-04
  -1.3376222e-04
  -5.1835268e-05
   2.5882957e-05
   9.0357391e-05
   1.3622130e-04
   1.6175045e-04
   1.6780852e-04
   1.5625700e-04
   1.2854622e-04
   8.5133757e-05
   2.6008429e-05
  -4.7928079e-05
  -1.3331586e-04
  -2.2346393e-04
  -3.0873509e-04
  -3.7823410e-04
  -4.2225833e-04
  -4.3460512e-04
  -4.1386175e-04
  -3.6323090e-04
  -2.8907389e-04
  -1.9889177e-04
  -9.9654363e-05
   2.8668341e-06
   1.0368323e-04
   1.9762018e-04
   2.7863542e-04
   3.4011083e-04
   3.7626015e-04
   3.8414742e-04
   3.6538910e-04
   3.2662960e-04
   2.7834181e-04
   2.3220837e-04
   1.9796350e-04
   1.8082471e-04
   1.8040375e-04
   1.9138032e-04
   2.0554579e-04
   2.1438346e-04
   2.1130297e-04
   1.9293396e-04
   1.5931620e-04
   1.1320294e-04
   5.8899122e-05
   1.0541976e-06
  -5.6324344e-05
  -1.1055484e-04
  -1.6067119e-04
  -2.0749528e-04
  -2.5330264e-04
  -3.0100861e-04
  -3.5294271e-04
  -4.0948288e-04
  -4.6797634e-04
  -5.2238392e-04
  -5.6392195e-04
  -5.8269556e-04
  -5.7001103e-04
  -5.2079602e-04
  -4.3540593e-04
  -3.2014292e-04
  -1.8615196e-04
  -4.6944732e-05
   8.4621832e-05
   1.9886142e-04
   2.9050248e-04
   3.5852394e-04
   4.0505069e-04
   4.3403121e-04
   4.5022905e-04
   4.5860438e-04
   4.6378118e-04
   4.6926400e-04
   4.7638406e-04
   4.8335586e-04
   4.8501981e-04
   4.7370528e-04
   4.4122478e-04
   3.8149188e-04
   2.9290115e-04
   1.7960797e-04
   5.1209755e-05
  -7.9116646e-05
  -1.9746878e-04
  -2.9224739e-04
  -3.5654158e-04
  -3.8924739e-04
  -3.9463421e-04
  -3.8051971e-04
  -3.5567933e-04
  -3.2740306e-04
  -3.0002745e-04
  -2.7481565e-04
  -2.5096326e-04
  -2.2707819e-04
  -2.0240388e-04
  -1.7731474e-04
  -1.5302703e-04
  -1.3081792e-04
  -1.1119628e-04
  -9.3414486e-05
  -7.5519512e-05
  -5.4910318e-05
  -2.9182433e-05
   3.0417814e-06
   4.1569483e-05
   8.4536024e-05
   1.2874125e-04
   1.7027548e-04
   2.0522430e-04
   2.3027751e-04
   2.4315922e-04
   2.4287335e-04
   2.2978545e-04
   2.0555046e-04
   1.7288050e-04
   1.3515601e-04
   9.5920176e-05
   5.8344263e-05
   2.4781001e-05
  -3.4769650e-06
  -2.6144580e-05
  -4.3577848e-05
  -5.6197741e-05
  -6.3948954e-05
  -6.6091385e-05
  -6.1509942e-05
  -4.9476913e-05
  -3.0537111e-05
  -7.0587589e-06
   1.6907625e-05
   3.6523085e-05
   4.7520861e-05
   4.7532746e-05
   3.6888826e-05
   1.8592555e-05
  -2.5460921e-06
  -2.1355738e-05
  -3.3854935e-05
  -3.8379151e-05
  -3.5893058e-05
  -2.9401977e-05
  -2.2722614e-05
  -1.9111493e-05
  -2.0275765e-05
  -2.6096017e-05
  -3.5067456e-05
  -4.5168780e-05
  -5.4728457e-05
  -6.2915991e-05
  -6.9690856e-05
  -7.5300008e-05
  -7.9621291e-05
  -8.1717672e-05
  -7.9869028e-05
  -7.2135197e-05
  -5.7271282e-05
  -3.5653234e-05
  -9.8311656e-06
   1.5580703e-05
   3.4772084e-05
   4.2214548e-05
   3.4393222e-05
   1.1326971e-05
  -2.2585908e-05
  -5.8764956e-05
  -8.5873799e-05
  -9.2373630e-05
  -6.9723799e-05
  -1.5387571e-05
   6.5357190e-05
   1.5960608e-04
   2.4927150e-04
   3.1531405e-04
   3.4265392e-04
   3.2433090e-04
   2.6360661e-04
   1.7326254e-04
   7.2196774e-05
  -1.9697520e-05
  -8.6798140e-05
  -1.2154315e-04
  -1.2565402e-04
  -1.0859981e-04
  -8.4018501e-05
  -6.5400101e-05
  -6.2409975e-05
  -7.8810979e-05
  -1.1226212e-04
  -1.5564543e-04
  -1.9923291e-04
  -2.3299790e-04
  -2.4858221e-04
  -2.4067505e-04
  -2.0772782e-04
  -1.5200538e-04
  -7.9019782e-05
   3.5318090e-06
   8.7091076e-05
   1.6351474e-04
   2.2603296e-04
   2.6977931e-04
   2.9196509e-04
   2.9186032e-04
   2.7070265e-04
   2.3154404e-04
   1.7895623e-04
   1.1850491e-04
   5.5978057e-05
  -3.5142776e-06
  -5.6328910e-05
  -1.0069223e-04
  -1.3653794e-04
  -1.6480953e-04
  -1.8648865e-04
  -2.0174245e-04
  -2.0953499e-04
  -2.0784520e-04
  -1.9439219e-04
  -1.6760063e-04
  -1.2748818e-04
  -7.6201327e-05
  -1.8034877e-05
   4.1079164e-05
   9.4484794e-05
   1.3591245e-04
   1.6057939e-04
   1.6609093e-04
   1.5295571e-04
   1.2454873e-04
   8.6453503e-05
   4.5293945e-05
   7.3613841e-06
  -2.2557567e-05
  -4.1812207e-05
  -4.9853264e-05
  -4.7667995e-05
  -3.7003286e-05
  -1.9728489e-05
   2.4268354e-06
   2.7726625e-05
   5.4035211e-05
   7.8459002e-05
   9.7316449e-05
   1.0662389e-04
   1.0308028e-04
   8.5294103e-05
   5.4812292e-05
   1.6464844e-05
  -2.2322426e-05
  -5.3269872e-05
  -6.9634154e-05
  -6.8477671e-05
  -5.1951958e-05
  -2.7000379e-05
  -3.4473624e-06
   8.9389145e-06
   3.4254186e-06
  -2.1650079e-05
  -6.2396114e-05
  -1.1048868e-04
  -1.5544362e-04
  -1.8730193e-04
  -1.9896955e-04
  -1.8764822e-04
  -1.5510680e-04
  -1.0687037e-04
  -5.0666172e-05
   5.3960774e-06
   5.4443258e-05
   9.1929947e-05
   1.1606461e-04
   1.2760186e-04
   1.2914996e-04
   1.2421604e-04
   1.1623841e-04
   1.0782847e-04
   1.0037158e-04
   9.4037154e-05
   8.8139117e-05
   8.1683184e-05
   7.3873827e-05
   6.4378465e-05
   5.3268225e-05
   4.0725794e-05
   2.6747325e-05
   1.1084729e-05
  -6.4566062e-06
  -2.5477340e-05
  -4.4510043e-05
  -6.0960554e-05
  -7.1655372e-05
  -7.3894489e-05
  -6.6625195e-05
  -5.1221195e-05
  -3.1454798e-05
  -1.2562016e-05
   3.1204071e-07
   3.7206030e-06
  -3.0269352e-06
  -1.7739116e-05
  -3.6165758e-05
  -5.3439534e-05
  -6.5602613e-05
  -7.0682777e-05
  -6.8961616e-05
  -6.2372091e-05
  -5.3285758e-05
  -4.3194547e-05
  -3.1856191e-05
  -1.7311403e-05
   3.1550988e-06
   3.1419333e-05
   6.6877996e-05
   1.0542915e-04
   1.3958463e-04
   1.5987995e-04
   1.5730813e-04
   1.2611239e-04
   6.6072722e-05
  -1.6497774e-05
  -1.0947665e-04
  -1.9728087e-04
  -2.6422386e-04
  -2.9793331e-04
  -2.9187574e-04
  -2.4636242e-04
  -1.6794210e-04
  -6.7593036e-05
   4.1593551e-05
   1.4658047e-04
   2.3601798e-04
   3.0130034e-04
   3.3722459e-04
   3.4242882e-04
   3.1959195e-04
   2.7515485e-04
   2.1827523e-04
   1.5895183e-04
   1.0565327e-04
   6.3138678e-05
   3.1251787e-05
   5.2321817e-06
  -2.2405298e-05
  -5.8938743e-05
  -1.0839589e-04
  -1.6944871e-04
  -2.3502598e-04
  -2.9386407e-04
  -3.3356983e-04
  -3.4426258e-04
  -3.2165605e-04
  -2.6859117e-04
  -1.9449804e-04
  -1.1292090e-04
  -3.7872425e-05
   1.9838043e-05
   5.5172869e-05
   6.9586840e-05
   6.9758072e-05
   6.4815992e-05
   6.3032804e-05
   6.9119156e-05
   8.3034122e-05
   1.0063130e-04
   1.1575038e-04
   1.2284506e-04
   1.1913055e-04
   1.0553655e-04
   8.6282966e-05
   6.7412409e-05
   5.4922188e-05
   5.3145113e-05
   6.3775472e-05
   8.5587902e-05
   1.1465903e-04
   1.4488605e-04
   1.6874243e-04
   1.7834356e-04
   1.6686901e-04
   1.3019383e-04
   6.8344232e-05
  -1.3729786e-05
  -1.0648905e-04
  -1.9738967e-04
  -2.7346880e-04
  -3.2431889e-04
  -3.4464092e-04
  -3.3561894e-04
  -3.0464757e-04
  -2.6337383e-04
  -2.2446597e-04
  -1.9789277e-04
  -1.8770625e-04
  -1.9030017e-04
  -1.9482181e-04
  -1.8586388e-04
  -1.4787150e-04
  -7.0072320e-05
   4.9576061e-05
   2.0274184e-04
   3.7201146e-04
   5.3478937e-04
   6.6860545e-04
   7.5619070e-04
   7.8883260e-04
   7.6718698e-04
   6.9962826e-04
   5.9899866e-04
   4.7897517e-04
   3.5113102e-04
   2.2328456e-04
   9.9187041e-05
  -2.0771756e-05
  -1.3828655e-04
  -2.5567911e-04
  -3.7454244e-04
  -4.9470692e-04
  -6.1373683e-04
  -7.2711489e-04
  -8.2910381e-04
  -9.1400976e-04
  -9.7735577e-04
  -1.0164544e-03
  -1.0301069e-03
  -1.0175737e-03
  -9.7737653e-04
  -9.0667422e-04
  -8.0175139e-04
  -6.5962595e-04
  -4.8016697e-04
  -2.6776081e-04
  -3.1682311e-05
   2.1512197e-04
   4.5844320e-04
   6.8555424e-04
   8.8740184e-04
   1.0597104e-03
   1.2029321e-03
   1.3213028e-03
   1.4213200e-03
   1.5098210e-03
   1.5917170e-03
   1.6675045e-03
   1.7309974e-03
   1.7681543e-03
   1.7581244e-03
   1.6773727e-03
   1.5068003e-03
   1.2403110e-03
   8.9178335e-04
   4.9667581e-04
   1.0523512e-04
  -2.3320149e-04
  -4.9152527e-04
  -6.8470640e-04
  -8.7898464e-04
  -1.1823342e-03
  -1.7131289e-03
  -2.5519779e-03
  -3.6904009e-03
  -4.9958646e-03
  -6.2123054e-03
  -7.0067503e-03
  -7.0570876e-03
  -6.1579671e-03
  -4.3084507e-03
  -1.7440780e-03
   1.1079572e-03
   3.7418713e-03
   5.7152427e-03
   6.7667415e-03
   6.8685033e-03
   6.2017493e-03
   5.0744190e-03
   3.8167834e-03
   2.6915677e-03
   1.8429672e-03
   1.2913811e-03
   9.6490337e-04
   7.4936029e-04
   5.3737143e-04
   2.6199939e-04
  -9.1172142e-05
  -4.9163850e-04
  -8.8395245e-04
  -1.2109577e-03
  -1.4324979e-03
  -1.5350810e-03
  -1.5316777e-03
  -1.4538057e-03
  -1.3397231e-03
  -1.2228763e-03
  -1.1239431e-03
  -1.0482185e-03
  -9.8819671e-04
  -9.2958255e-04
  -8.5815837e-04
  -7.6513370e-04
  -6.4959361e-04
  -5.1791378e-04
  -3.8100809e-04
  -2.5072409e-04
  -1.3660251e-04
  -4.3780490e-05
   2.7685002e-05
   8.2189304e-05
   1.2700822e-04
   1.7026371e-04
   2.1892046e-04
   2.7721702e-04
   3.4578717e-04
   4.2158022e-04
   4.9856790e-04
   5.6910666e-04
   6.2567795e-04
   6.6258785e-04
   6.7715403e-04
   6.7001346e-04
   6.4443700e-04
   6.0485476e-04
   5.5507862e-04
   4.9686157e-04
   4.2938589e-04
   3.4999889e-04
   2.5605586e-04
   1.4721120e-04
   2.7153457e-05
  -9.6138326e-05
  -2.1195600e-04
  -3.0974082e-04
  -3.8212496e-04
  -4.2687142e-04
  -4.4694372e-04
  -4.4879600e-04
  -4.3976331e-04
  -4.2573276e-04
  -4.0993644e-04
  -3.9297095e-04
  -3.7351327e-04
  -3.4906119e-04
  -3.1639647e-04
  -2.7199736e-04
  -2.1287438e-04
  -1.3805591e-04
  -5.0361127e-05
   4.2431301e-05
   1.2798919e-04
   1.9187847e-04
   2.2165366e-04
   2.1133961e-04
   1.6465951e-04
   9.5610011e-05
   2.5793179e-05
  -2.1008206e-05
  -2.5563336e-05
   2.0744466e-05
   1.1245571e-04
   2.3049583e-04
   3.4681645e-04
   4.3213635e-04
   4.6448393e-04
   4.3569760e-04
   3.5356575e-04
   2.3880170e-04
   1.1794877e-04
   1.4773396e-05
  -5.6875072e-05
  -9.6459432e-05
  -1.1554235e-04
  -1.3262567e-04
  -1.6583508e-04
  -2.2577854e-04
  -3.1083601e-04
  -4.0649079e-04
  -4.8914328e-04
  -5.3338179e-04
  -5.2038363e-04
  -4.4451962e-04
  -3.1569743e-04
  -1.5645616e-04
   5.2048558e-06
   1.4462838e-04
   2.4767917e-04
   3.1371467e-04
   3.5340064e-04
   3.8237129e-04
   4.1328905e-04
   4.4951250e-04
   4.8302363e-04
   4.9751908e-04
   4.7526478e-04
   4.0463331e-04
   2.8516429e-04
   1.2843435e-04
  -4.5053237e-05
  -2.1142307e-04
  -3.4947875e-04
  -4.4551053e-04
  -4.9563504e-04
  -5.0518726e-04
  -4.8556821e-04
  -4.4971098e-04
  -4.0768789e-04
  -3.6385315e-04
  -3.1636905e-04
  -2.5915118e-04
  -1.8542010e-04
  -9.1477360e-05
   2.0708234e-05
   1.4298696e-04
   2.6263496e-04
   3.6537860e-04
   4.3874872e-04
   4.7471870e-04
   4.7094509e-04
   4.3046174e-04
   3.6021811e-04
   2.6921774e-04
   1.6703682e-04
   6.3140337e-05
  -3.3173379e-05
  -1.1285657e-04
  -1.6793501e-04
  -1.9326157e-04
  -1.8855077e-04
  -1.5947595e-04
  -1.1682745e-04
  -7.3687104e-05
  -4.1647672e-05
  -2.7599186e-05
  -3.2275021e-05
  -5.0891750e-05
  -7.5345265e-05
  -9.6941847e-05
  -1.0868303e-04
  -1.0656031e-04
  -8.9855235e-05
  -6.0788789e-05
  -2.3890092e-05
   1.4761397e-05
   4.8502583e-05
   7.1385902e-05
   7.9714271e-05
   7.3387294e-05
   5.6469786e-05
   3.6552328e-05
   2.2873034e-05
   2.3599892e-05
   4.2988434e-05
   7.9289498e-05
   1.2425150e-04
   1.6475515e-04
   1.8648494e-04
   1.7870214e-04
   1.3847074e-04
   7.2517441e-05
  -4.4494417e-06
  -7.4781219e-05
  -1.2456613e-04
  -1.4922108e-04
  -1.5541059e-04
  -1.5809532e-04
  -1.7366134e-04
  -2.1198727e-04
  -2.7093583e-04
  -3.3571394e-04
  -3.8337787e-04
  -3.9060512e-04
  -3.4170258e-04
  -2.3401941e-04
  -7.9176465e-05
   9.9855079e-05
   2.7448064e-04
   4.1707646e-04
   5.0666300e-04
   5.3249428e-04
   4.9516376e-04
   4.0548450e-04
   2.8181107e-04
   1.4656742e-04
   2.2560393e-05
  -7.0613280e-05
  -1.1985330e-04
  -1.2112615e-04
  -8.0617460e-05
  -1.3744646e-05
   5.8210700e-05
   1.1324896e-04
   1.3420077e-04
   1.1302618e-04
   5.2602222e-05
  -3.4394096e-05
  -1.2895629e-04
  -2.1041042e-04
  -2.6101328e-04
  -2.6954588e-04
  -2.3339989e-04
  -1.5899703e-04
  -6.0592303e-05
   4.2329754e-05
   1.2868691e-04
   1.7989091e-04
   1.8366299e-04
   1.3676918e-04
   4.5982503e-05
  -7.3088875e-05
  -1.9915062e-04
  -3.0962561e-04
  -3.8520071e-04
  -4.1338693e-04
  -3.9033327e-04
  -3.2071969e-04
  -2.1608887e-04
  -9.2253230e-05
   3.3612380e-05
   1.4577752e-04
   2.3239958e-04
   2.8732204e-04
   3.1082827e-04
   3.0896479e-04
   2.9137528e-04
   2.6816361e-04
   2.4680919e-04
   2.3024003e-04
   2.1671831e-04
   2.0143201e-04
   1.7902228e-04
   1.4603027e-04
   1.0244877e-04
   5.1985827e-05
   1.0404509e-06
  -4.3315828e-05
  -7.5792706e-05
  -9.4967614e-05
  -1.0412735e-04
  -1.1026465e-04
  -1.2129134e-04
  -1.4236253e-04
  -1.7280962e-04
  -2.0516505e-04
  -2.2701753e-04
  -2.2526299e-04
  -1.9126684e-04
  -1.2500663e-04
  -3.6582166e-05
   5.5617111e-05
   1.2967482e-04
   1.6645499e-04
   1.5551981e-04
   9.8749485e-05
   1.0378635e-05
  -8.6754580e-05
  -1.6771899e-04
  -2.1276860e-04
  -2.1306627e-04
  -1.7298589e-04
  -1.0822658e-04
  -4.0348252e-05
   1.0465121e-05
   3.1995834e-05
   2.3721297e-05
  -3.5469738e-06
  -3.1890764e-05
  -4.2752469e-05
  -2.3207443e-05
   3.0243666e-05
   1.1155341e-04
   2.0827450e-04
   3.0619622e-04
   3.9318817e-04
   4.6060382e-04
   5.0207025e-04
   5.1105455e-04
   4.7940582e-04
   3.9863581e-04
   2.6417874e-04
   8.0995527e-05
  -1.3239250e-04
  -3.4430762e-04
  -5.1605527e-04
  -6.1254753e-04
  -6.1379088e-04
  -5.2267948e-04
  -3.6563792e-04
  -1.8539043e-04
  -2.8276468e-05
   6.9320096e-05
   9.0619502e-05
   4.1055911e-05
  -5.6445307e-05
  -1.7107634e-04
  -2.7462058e-04
  -3.4888921e-04
  -3.8785327e-04
  -3.9459482e-04
  -3.7533059e-04
  -3.3375049e-04
  -2.6840074e-04
  -1.7415797e-04
  -4.6830362e-05
   1.1150502e-04
   2.8912562e-04
   4.6511313e-04
   6.1390627e-04
   7.1248062e-04
   7.4745475e-04
   7.1931015e-04
   6.4205574e-04
   5.3856171e-04
   4.3350593e-04
   3.4659939e-04
   2.8824758e-04
   2.5849415e-04
   2.4875610e-04
   2.4511490e-04
   2.3193795e-04
   1.9508373e-04
   1.2443264e-04
   1.5697897e-05
  -1.2855485e-04
  -2.9881272e-04
  -4.7954093e-04
  -6.5109306e-04
  -7.9242472e-04
  -8.8432385e-04
  -9.1279445e-04
  -8.7213541e-04
  -7.6711272e-04
  -6.1347592e-04
  -4.3608130e-04
  -2.6429952e-04
  -1.2530609e-04
  -3.6991442e-05
  -2.9316874e-06
  -1.1516901e-05
  -3.9878411e-05
  -6.1342229e-05
  -5.3755111e-05
  -5.8388204e-06
   8.0327615e-05
   1.9109493e-04
   3.0628565e-04
   4.0559418e-04
   4.7426869e-04
   5.0646815e-04
   5.0558145e-04
   4.8179961e-04
   4.4804269e-04
   4.1571866e-04
   3.9163523e-04
   3.7681628e-04
   3.6728209e-04
   3.5630466e-04
   3.3733398e-04
   3.0666075e-04
   2.6491851e-04
   2.1681992e-04
   1.6912363e-04
   1.2758135e-04
   9.4133571e-05
   6.5560401e-05
   3.4148621e-05
  -9.9211169e-06
  -7.5389274e-05
  -1.6702718e-04
  -2.8388313e-04
  -4.1901912e-04
  -5.6060368e-04
  -6.9392039e-04
  -8.0377447e-04
  -8.7684440e-04
  -9.0362091e-04
  -8.7965793e-04
  -8.0595328e-04
  -6.8841811e-04
  -5.3658590e-04
  -3.6190583e-04
  -1.7607469e-04
   1.0188504e-05
   1.8773088e-04
   3.4897832e-04
   4.8759477e-04
   5.9805796e-04
   6.7544077e-04
   7.1568353e-04
   7.1648575e-04
   6.7858891e-04
   6.0685681e-04
   5.1046913e-04
   4.0184003e-04
   2.9441294e-04
   1.9999078e-04
   1.2648952e-04
   7.6838124e-05
   4.9268751e-05
   3.8694117e-05
   3.8525996e-05
   4.2268155e-05
   4.4445548e-05
   4.0762839e-05
   2.7711483e-05
   2.0876633e-06
  -3.9054689e-05
  -9.7694365e-05
  -1.7348695e-04
  -2.6233393e-04
  -3.5567607e-04
  -4.4114720e-04
  -5.0473089e-04
  -5.3397100e-04
  -5.2135169e-04
  -4.6681429e-04
  -3.7853336e-04
  -2.7149858e-04
  -1.6407261e-04
  -7.3366866e-05
  -1.0760499e-05
   2.1031190e-05
   2.8343895e-05
   2.4215729e-05
   2.4041915e-05
   4.0676603e-05
   8.0611413e-05
   1.4243196e-04
   2.1787930e-04
   2.9489060e-04
   3.6135712e-04
   4.0824779e-04
   4.3118087e-04
   4.3025068e-04
   4.0860503e-04
   3.7063951e-04
   3.2061369e-04
   2.6209286e-04
   1.9811101e-04
   1.3159648e-04
   6.5562768e-05
   2.8199101e-06
  -5.4674143e-05
  -1.0642075e-04
  -1.5346479e-04
  -1.9765951e-04
  -2.4024983e-04
  -2.8041173e-04
  -3.1462682e-04
  -3.3750845e-04
  -3.4396910e-04
  -3.3179837e-04
  -3.0330962e-04
  -2.6503061e-04
  -2.2535038e-04
  -1.9109374e-04
  -1.6460423e-04
  -1.4276131e-04
  -1.1852570e-04
  -8.4487476e-05
  -3.6970142e-05
   2.1108123e-05
   8.0054149e-05
   1.2635633e-04
   1.4792753e-04
   1.3963957e-04
   1.0674353e-04
   6.4443971e-05
   3.3454449e-05
   3.3071154e-05
   7.4322329e-05
   1.5567237e-04
   2.6275826e-04
   3.7221756e-04
   4.5832888e-04
   5.0030031e-04
   4.8787503e-04
   4.2356006e-04
   3.2100291e-04
   2.0035243e-04
   8.2327906e-05
  -1.7090205e-05
  -8.9893600e-05
  -1.3657849e-04
  -1.6422822e-04
  -1.8306746e-04
  -2.0272737e-04
  -2.2937422e-04
  -2.6441482e-04
  -3.0486951e-04
  -3.4494451e-04
  -3.7804348e-04
  -3.9850441e-04
  -4.0264380e-04
  -3.8905404e-04
  -3.5835741e-04
  -3.1269156e-04
  -2.5512643e-04
  -1.8910057e-04
  -1.1791331e-04
  -4.4333923e-05
   2.9570262e-05
   1.0230424e-04
   1.7253677e-04
   2.3857853e-04
   2.9799733e-04
   3.4758219e-04
   3.8372663e-04
   4.0313856e-04
   4.0366792e-04
   3.8499780e-04
   3.4896346e-04
   2.9934772e-04
   2.4115466e-04
   1.7955810e-04
   1.1886960e-04
   6.1880509e-05
   9.7846209e-06
  -3.7344994e-05
  -7.9754932e-05
  -1.1721356e-04
  -1.4852418e-04
  -1.7154766e-04
  -1.8376566e-04
  -1.8322657e-04
  -1.6955109e-04
  -1.4459031e-04
  -1.1238859e-04
  -7.8343379e-05
  -4.7819300e-05
  -2.4789568e-05
  -1.1119666e-05
  -6.7831943e-06
  -1.0772585e-05
  -2.2079368e-05
  -4.0128768e-05
  -6.4439210e-05
  -9.3770787e-05
  -1.2532908e-04
  -1.5456495e-04
  -1.7581788e-04
  -1.8365822e-04
  -1.7446465e-04
  -1.4764846e-04
  -1.0604874e-04
  -5.5321891e-05
  -2.5135673e-06
   4.5710792e-05
   8.4594763e-05
   1.1211263e-04
   1.2890639e-04
   1.3749551e-04
   1.4114754e-04
   1.4283208e-04
   1.4453913e-04
   1.4703616e-04
   1.4998022e-04
   1.5223810e-04
   1.5227605e-04
   1.4852391e-04
   1.3966798e-04
   1.2486072e-04
   1.0385433e-04
   7.7077859e-05
   4.5688588e-05
   1.1613560e-05
  -2.2463032e-05
  -5.3286960e-05
  -7.7521113e-05
  -9.2526036e-05
  -9.7203965e-05
  -9.2517088e-05
  -8.1341162e-05
  -6.7591533e-05
  -5.4921235e-05
  -4.5531737e-05
  -3.9608747e-05
  -3.5609148e-05
  -3.1241388e-05
  -2.4698556e-05
  -1.5636446e-05
  -5.5318421e-06
   2.6790993e-06
   5.5123959e-06
   5.2407263e-08
  -1.5105080e-05
  -3.9366349e-05
  -7.0225012e-05
  -1.0384506e-04
  -1.3590746e-04
  -1.6240953e-04
  -1.8015784e-04
  -1.8686729e-04
  -1.8099026e-04
  -1.6152810e-04
  -1.2804624e-04
  -8.0955514e-05
  -2.1944491e-05
   4.5655142e-05
   1.1679381e-04
   1.8507128e-04
   2.4356732e-04
   2.8599487e-04
   3.0789231e-04
   3.0751749e-04
   2.8617206e-04
   2.4785099e-04
   1.9831517e-04
   1.4385298e-04
   9.0074595e-05
   4.1053923e-05
  -9.8666542e-07
  -3.5430896e-05
  -6.2629679e-05
  -8.3169024e-05
  -9.7369252e-05
  -1.0523097e-04
  -1.0683019e-04
  -1.0293267e-04
  -9.5456754e-05
  -8.7447690e-05
  -8.2432599e-05
  -8.3317645e-05
  -9.1232797e-05
  -1.0481442e-04
  -1.2029489e-04
  -1.3247891e-04
  -1.3633845e-04
  -1.2869337e-04
  -1.0937330e-04
  -8.1412611e-05
  -5.0163138e-05
  -2.1598723e-05
  -3.8306311e-07
   1.1636795e-05
   1.5996659e-05
   1.7047103e-05
   2.0429760e-05
   3.1084129e-05
   5.1431197e-05
   8.0345057e-05
   1.1328539e-04
   1.4358110e-04
   1.6446004e-04
   1.7116245e-04
   1.6244964e-04
   1.4101896e-04
   1.1268269e-04
   8.4554176e-05
   6.2803609e-05
   5.0703224e-05
   4.7611988e-05
   4.9252470e-05
   4.9198525e-05
   4.1079063e-05
   2.0765779e-05
  -1.2167790e-05
  -5.4170102e-05
  -9.8672110e-05
  -1.3793621e-04
  -1.6518354e-04
  -1.7635367e-04
  -1.7102940e-04
  -1.5235392e-04
  -1.2605736e-04
  -9.8907607e-05
  -7.6986486e-05
  -6.4189342e-05
  -6.1283274e-05
  -6.5745188e-05
  -7.2438316e-05
  -7.4994951e-05
  -6.7593479e-05
  -4.6691782e-05
  -1.2246808e-05
   3.1960228e-05
   7.9064361e-05
   1.2080676e-04
   1.4976244e-04
   1.6147887e-04
   1.5584949e-04
   1.3721634e-04
   1.1306952e-04
   9.1683967e-05
   7.9437300e-05
   7.8717106e-05
   8.7159529e-05
   9.8507619e-05
   1.0480575e-04
   9.9175066e-05
   7.8219459e-05
   4.3256183e-05
  -1.9496951e-08
