  -3.2004063e-02
   6.9926842e-02
   1.7151709e-01
   2.7193421e-01
   3.7035550e-01
   4.6597912e-01
   5.5803457e-01
   6.4579264e-01
   7.2857461e-01
   8.0576077e-01
   8.7679796e-01
   9.4120616e-01
   9.9858411e-01
   1.0486138e+00
   1.0910636e+00
   1.1257906e+00
   1.1527416e+00
   1.1719525e+00
   1.1835466e+00
   1.1877324e+00
   1.1847991e+00
   1.1751119e+00
   1.1591058e+00
   1.1372784e+00
   1.1101822e+00
   1.0784161e+00
   1.0426161e+00
   1.0034455e+00
   9.6158548e-01
   9.1772481e-01
   8.7254990e-01
   8.2673512e-01
   7.8093334e-01
   7.3576705e-01
   6.9182006e-01
   6.4963002e-01
   6.0968171e-01
   5.7240143e-01
   5.3815226e-01
   5.0723059e-01
   4.7986364e-01
   4.5620822e-01
   4.3635055e-01
   4.2030724e-01
   4.0802739e-01
   3.9939554e-01
   3.9423572e-01
   3.9231620e-01
   3.9335501e-01
   3.9702603e-01
   4.0296553e-01
   4.1077904e-01
   4.2004844e-01
   4.3033898e-01
   4.4120638e-01
   4.5220356e-01
   4.6288717e-01
   4.7282370e-01
   4.8159502e-01
   4.8880350e-01
   4.9407647e-01
   4.9707012e-01
   4.9747273e-01
   4.9500731e-01
   4.8943367e-01
   4.8054985e-01
   4.6819298e-01
   4.5223967e-01
   4.3260584e-01
   4.0924608e-01
   3.8215261e-01
   3.5135375e-01
   3.1691211e-01
   2.7892238e-01
   2.3750881e-01
   1.9282251e-01
   1.4503847e-01
   9.4352437e-02
   4.0977744e-02
  -1.4857935e-02
  -7.2915790e-02
  -1.3294898e-01
  -1.9470559e-01
  -2.5793135e-01
  -3.2237209e-01
  -3.8777580e-01
  -4.5389436e-01
  -5.2048478e-01
  -5.8730998e-01
  -6.5413903e-01
  -7.2074699e-01
  -7.8691414e-01
  -8.5242483e-01
  -9.1706592e-01
  -9.8062488e-01
  -1.0428876e+00
  -1.1036361e+00
  -1.1626459e+00
  -1.2196841e+00
  -1.2745066e+00
  -1.3268564e+00
  -1.3764619e+00
  -1.4230357e+00
  -1.4662736e+00
  -1.5058551e+00
  -1.5414433e+00
  -1.5726867e+00
  -1.5992209e+00
  -1.6206716e+00
  -1.6366580e+00
  -1.6467971e+00
  -1.6507087e+00
  -1.6480211e+00
  -1.6383766e+00
  -1.6214390e+00
  -1.5969000e+00
  -1.5644865e+00
  -1.5239677e+00
  -1.4751627e+00
  -1.4179475e+00
  -1.3522615e+00
  -1.2781139e+00
  -1.1955897e+00
  -1.1048541e+00
  -1.0061567e+00
  -8.9983496e-01
  -7.8631539e-01
  -6.6611485e-01
  -5.3983979e-01
  -4.0818447e-01
  -2.7192771e-01
  -1.3192835e-01
   1.0880803e-02
   1.5550031e-01
   3.0087285e-01
   4.4589321e-01
   5.8941958e-01
   7.3028583e-01
   8.6731489e-01
   9.9933279e-01
   1.1251834e+00
   1.2437436e+00
   1.3539383e+00
   1.4547557e+00
   1.5452621e+00
   1.6246157e+00
   1.6920797e+00
   1.7470341e+00
   1.7889862e+00
   1.8175791e+00
   1.8325982e+00
   1.8339761e+00
   1.8217950e+00
   1.7962873e+00
   1.7578331e+00
   1.7069568e+00
   1.6443208e+00
   1.5707171e+00
   1.4870579e+00
   1.3943638e+00
   1.2937508e+00
   1.1864163e+00
   1.0736238e+00
   9.5668657e-01
   8.3695191e-01
   7.1578363e-01
   5.9454552e-01
   4.7458450e-01
   3.5721434e-01
   2.4369985e-01
   1.3524187e-01
   3.2963147e-02
  -6.2104621e-02
  -1.4903265e-01
  -2.2700551e-01
  -2.9533023e-01
  -3.5344386e-01
  -4.0091953e-01
  -4.3747087e-01
  -4.6295493e-01
  -4.7737334e-01
  -4.8087195e-01
  -4.7373880e-01
  -4.5640050e-01
  -4.2941705e-01
  -3.9347509e-01
  -3.4937974e-01
  -2.9804499e-01
  -2.4048283e-01
  -1.7779114e-01
  -1.1114057e-01
  -4.1760407e-02
   2.9076255e-02
   1.0006806e-01
   1.6990138e-01
   2.3726655e-01
   3.0087432e-01
   3.5947212e-01
   4.1186021e-01
   4.5690735e-01
   4.9356591e-01
   5.2088621e-01
   5.3803011e-01
   5.4428338e-01
   5.3906705e-01
   5.2194740e-01
   4.9264450e-01
   4.5103934e-01
   3.9717918e-01
   3.3128126e-01
   2.5373473e-01
   1.6510059e-01
   6.6109701e-02
  -4.2341271e-02
  -1.5919606e-01
  -2.8324717e-01
  -4.1314646e-01
  -5.4741786e-01
  -6.8447234e-01
  -8.2262482e-01
  -9.6011313e-01
  -1.0951186e+00
  -1.2257884e+00
  -1.3502589e+00
  -1.4666807e+00
  -1.5732434e+00
  -1.6682016e+00
  -1.7499005e+00
  -1.8168013e+00
  -1.8675052e+00
  -1.9007771e+00
  -1.9155668e+00
  -1.9110284e+00
  -1.8865373e+00
  -1.8417046e+00
  -1.7763876e+00
  -1.6906980e+00
  -1.5850056e+00
  -1.4599391e+00
  -1.3163828e+00
  -1.1554696e+00
  -9.7857052e-01
  -7.8728066e-01
  -5.8340173e-01
  -3.6892164e-01
  -1.4599112e-01
   8.3102037e-02
   3.1596092e-01
   5.5010920e-01
   7.8302206e-01
   1.0121581e+00
   1.2349917e+00
   1.4490448e+00
   1.6519192e+00
   1.8413268e+00
   2.0151190e+00
   2.1713142e+00
   2.3081229e+00
   2.4239704e+00
   2.5175163e+00
   2.5876716e+00
   2.6336114e+00
   2.6547849e+00
   2.6509217e+00
   2.6220339e+00
   2.5684152e+00
   2.4906361e+00
   2.3895356e+00
   2.2662094e+00
   2.1219952e+00
   1.9584549e+00
   1.7773538e+00
   1.5806380e+00
   1.3704090e+00
   1.1488974e+00
   9.1843474e-01
   6.8142430e-01
   4.4031208e-01
   1.9755698e-01
  -4.4398298e-02
  -2.8315592e-01
  -5.1639038e-01
  -7.4187467e-01
  -9.5750471e-01
  -1.1613219e+00
  -1.3515333e+00
  -1.5265296e+00
  -1.6849004e+00
  -1.8254465e+00
  -1.9471898e+00
  -2.0493798e+00
  -2.1314975e+00
  -2.1932561e+00
  -2.2345986e+00
  -2.2556933e+00
  -2.2569258e+00
  -2.2388886e+00
  -2.2023691e+00
  -2.1483347e+00
  -2.0779163e+00
  -1.9923905e+00
  -1.8931605e+00
  -1.7817358e+00
  -1.6597111e+00
  -1.5287455e+00
  -1.3905407e+00
  -1.2468199e+00
  -1.0993069e+00
  -9.4970570e-01
  -7.9968106e-01
  -6.5083994e-01
  -5.0471423e-01
  -3.6274477e-01
  -2.2626688e-01
  -9.6497530e-02
   2.5475808e-02
   1.3870441e-01
   2.4238570e-01
   3.3586865e-01
   4.1865722e-01
   4.9041174e-01
   5.5094835e-01
   6.0023643e-01
   6.3839411e-01
   6.6568198e-01
   6.8249502e-01
   6.8935300e-01
   6.8688936e-01
   6.7583887e-01
   6.5702417e-01
   6.3134146e-01
   5.9974543e-01
   5.6323384e-01
   5.2283182e-01
   4.7957617e-01
   4.3449990e-01
   3.8861723e-01
   3.4290919e-01
   2.9831016e-01
   2.5569534e-01
   2.1586950e-01
   1.7955699e-01
   1.4739325e-01
   1.1991775e-01
   9.7568674e-02
   8.0679065e-02
   6.9474748e-02
   6.4073822e-02
   6.4487767e-02
   7.0624091e-02
   8.2290441e-02
   9.9200077e-02
   1.2097860e-01
   1.4717182e-01
   1.7725461e-01
   2.1064060e-01
   2.4669263e-01
   2.8473371e-01
   3.2405846e-01
   3.6394470e-01
   4.0366533e-01
   4.4250001e-01
   4.7974679e-01
   5.1473339e-01
   5.4682792e-01
   5.7544916e-01
   6.0007590e-01
   6.2025554e-01
   6.3561155e-01
   6.4584989e-01
   6.5076411e-01
   6.5023912e-01
   6.4425355e-01
   6.3288059e-01
   6.1628735e-01
   5.9473263e-01
   5.6856322e-01
   5.3820864e-01
   5.0417458e-01
   4.6703489e-01
   4.2742250e-01
   3.8601919e-01
   3.4354452e-01
   3.0074399e-01
   2.5837671e-01
   2.1720268e-01
   1.7796997e-01
   1.4140194e-01
   1.0818472e-01
   7.8955144e-02
   5.4289373e-02
   3.4692338e-02
   2.0588198e-02
   1.2311966e-02
   1.0102461e-02
   1.4096688e-02
   2.4325759e-02
   4.0712449e-02
   6.3070428e-02
   9.1105236e-02
   1.2441699e-01
   1.6250485e-01
   2.0477316e-01
   2.5053926e-01
   2.9904285e-01
   3.4945676e-01
   4.0089910e-01
   4.5244644e-01
   5.0314802e-01
   5.5204067e-01
   5.9816420e-01
   6.4057707e-01
   6.7837204e-01
   7.1069149e-01
   7.3674215e-01
   7.5580901e-01
   7.6726796e-01
   7.7059712e-01
   7.6538634e-01
   7.5134488e-01
   7.2830690e-01
   6.9623471e-01
   6.5521955e-01
   6.0548000e-01
   5.4735786e-01
   4.8131156e-01
   4.0790730e-01
   3.2780800e-01
   2.4176023e-01
   1.5057949e-01
   5.5134081e-02
  -4.3672070e-02
  -1.4491725e-01
  -2.4768008e-01
  -3.5105747e-01
  -4.5418201e-01
  -5.5623851e-01
  -6.5647906e-01
  -7.5423651e-01
  -8.4893592e-01
  -9.4010375e-01
  -1.0273745e+00
  -1.1104949e+00
  -1.1893250e+00
  -1.2638364e+00
  -1.3341086e+00
  -1.4003213e+00
  -1.4627448e+00
  -1.5217284e+00
  -1.5776858e+00
  -1.6310792e+00
  -1.6824020e+00
  -1.7321599e+00
  -1.7808519e+00
  -1.8289503e+00
  -1.8768817e+00
  -1.9250078e+00
  -1.9736075e+00
  -2.0228609e+00
  -2.0728342e+00
  -2.1234675e+00
  -2.1745647e+00
  -2.2257861e+00
  -2.2766444e+00
  -2.3265031e+00
  -2.3745789e+00
  -2.4199465e+00
  -2.4615478e+00
  -2.4982031e+00
  -2.5286265e+00
  -2.5514437e+00
  -2.5652127e+00
  -2.5684470e+00
  -2.5596410e+00
  -2.5372972e+00
  -2.4999546e+00
  -2.4462184e+00
  -2.3747895e+00
  -2.2844945e+00
  -2.1743144e+00
  -2.0434127e+00
  -1.8911611e+00
  -1.7171640e+00
  -1.5212786e+00
  -1.3036339e+00
  -1.0646444e+00
  -8.0502084e-01
  -5.2577649e-01
  -2.2822888e-01
   8.6003008e-02
   4.1500635e-01
   7.5658697e-01
   1.1082866e+00
   1.4674052e+00
   1.8310269e+00
   2.1960519e+00
   2.5592307e+00
   2.9172028e+00
   3.2665388e+00
   3.6037841e+00
   3.9255051e+00
   4.2283372e+00
   4.5090318e+00
   4.7645047e+00
   4.9918821e+00
   5.1885453e+00
   5.3521727e+00
   5.4807777e+00
   5.5727431e+00
   5.6268494e+00
   5.6422988e+00
   5.6187316e+00
   5.5562373e+00
   5.4553580e+00
   5.3170849e+00
   5.1428480e+00
   4.9344985e+00
   4.6942846e+00
   4.4248206e+00
   4.1290500e+00
   3.8102039e+00
   3.4717532e+00
   3.1173587e+00
   2.7508167e+00
   2.3760033e+00
   1.9968181e+00
   1.6171266e+00
   1.2407055e+00
   8.7118834e-01
   5.1201546e-01
   1.6638721e-01
  -1.6277790e-01
  -4.7287977e-01
  -7.6166727e-01
  -1.0272625e+00
  -1.2681783e+00
  -1.4833290e+00
  -1.6720346e+00
  -1.8340175e+00
  -1.9693934e+00
  -2.0786557e+00
  -2.1626544e+00
  -2.2225692e+00
  -2.2598786e+00
  -2.2763246e+00
  -2.2738740e+00
  -2.2546772e+00
  -2.2210254e+00
  -2.1753062e+00
  -2.1199595e+00
  -2.0574333e+00
  -1.9901409e+00
  -1.9204203e+00
  -1.8504957e+00
  -1.7824424e+00
  -1.7181555e+00
  -1.6593226e+00
  -1.6074009e+00
  -1.5635996e+00
  -1.5288668e+00
  -1.5038815e+00
  -1.4890514e+00
  -1.4845146e+00
  -1.4901471e+00
  -1.5055742e+00
  -1.5301866e+00
  -1.5631601e+00
  -1.6034783e+00
  -1.6499590e+00
  -1.7012820e+00
  -1.7560187e+00
  -1.8126640e+00
  -1.8696665e+00
  -1.9254611e+00
  -1.9784989e+00
  -2.0272774e+00
  -2.0703680e+00
  -2.1064423e+00
  -2.1342950e+00
  -2.1528648e+00
  -2.1612517e+00
  -2.1587310e+00
  -2.1447645e+00
  -2.1190072e+00
  -2.0813116e+00
  -2.0317278e+00
  -1.9705005e+00
  -1.8980633e+00
  -1.8150293e+00
  -1.7221794e+00
  -1.6204481e+00
  -1.5109067e+00
  -1.3947457e+00
  -1.2732541e+00
  -1.1477988e+00
  -1.0198023e+00
  -8.9072056e-01
  -7.6201969e-01
  -6.3515368e-01
  -5.1154184e-01
  -3.9254720e-01
  -2.7945572e-01
  -1.7345666e-01
  -7.5624313e-02
   1.3098656e-02
   9.1916217e-02
   1.6019206e-01
   2.1746071e-01
   2.6343656e-01
   2.9802070e-01
   3.2130558e-01
   3.3357734e-01
   3.3531582e-01
   3.2719223e-01
   3.1006440e-01
   2.8496966e-01
   2.5311525e-01
   2.1586637e-01
   1.7473180e-01
   1.3134720e-01
   8.7456054e-02
   4.4888553e-02
   5.5382506e-03
  -2.8663102e-02
  -5.5772488e-02
  -7.3864052e-02
  -8.1058747e-02
  -7.5554897e-02
  -5.5659322e-02
  -1.9818621e-02
   3.3349815e-02
   1.0502751e-01
   1.9616586e-01
   3.0745878e-01
   4.3931767e-01
   5.9184912e-01
   7.6483593e-01
   9.5772198e-01
   1.1696014e+00
   1.3992122e+00
   1.6449359e+00
   1.9048010e+00
   2.1764940e+00
   2.4573752e+00
   2.7445008e+00
   3.0346506e+00
   3.3243628e+00
   3.6099732e+00
   3.8876602e+00
   4.1534951e+00
   4.4034964e+00
   4.6336875e+00
   4.8401579e+00
   5.0191257e+00
   5.1670013e+00
   5.2804509e+00
   5.3564589e+00
   5.3923877e+00
   5.3860338e+00
   5.3356792e+00
   5.2401371e+00
   5.0987900e+00
   4.9116201e+00
   4.6792309e+00
   4.4028587e+00
   4.0843742e+00
   3.7262735e+00
   3.3316574e+00
   2.9042009e+00
   2.4481114e+00
   1.9680767e+00
   1.4692030e+00
   9.5694479e-01
   4.3702601e-01
  -8.4644859e-02
  -6.0206533e-01
  -1.1092330e+00
  -1.6002419e+00
  -2.0693789e+00
  -2.5112186e+00
  -2.9207148e+00
  -3.2932867e+00
  -3.6248975e+00
  -3.9121246e+00
  -4.1522190e+00
  -4.3431536e+00
  -4.4836582e+00
  -4.5732408e+00
  -4.6121957e+00
  -4.6015964e+00
  -4.5432750e+00
  -4.4397875e+00
  -4.2943664e+00
  -4.1108609e+00
  -3.8936666e+00
  -3.6476458e+00
  -3.3780393e+00
  -3.0903724e+00
  -2.7903568e+00
  -2.4837892e+00
  -2.1764492e+00
  -1.8739990e+00
  -1.5818848e+00
  -1.3052441e+00
  -1.0488183e+00
  -8.1687368e-01
  -6.1313119e-01
  -4.4070695e-01
  -3.0206392e-01
  -1.9897580e-01
  -1.3250364e-01
  -1.0298565e-01
  -1.1004004e-01
  -1.5258109e-01
  -2.2884773e-01
  -3.3644426e-01
  -4.7239226e-01
  -6.3319269e-01
  -8.1489702e-01
  -1.0131858e+00
  -1.2234537e+00
  -1.4408983e+00
  -1.6606129e+00
  -1.8776790e+00
  -2.0872595e+00
  -2.2846887e+00
  -2.4655591e+00
  -2.6258016e+00
  -2.7617604e+00
  -2.8702577e+00
  -2.9486508e+00
  -2.9948772e+00
  -3.0074892e+00
  -2.9856765e+00
  -2.9292758e+00
  -2.8387684e+00
  -2.7152650e+00
  -2.5604783e+00
  -2.3766831e+00
  -2.1666665e+00
  -1.9336671e+00
  -1.6813055e+00
  -1.4135076e+00
  -1.1344214e+00
  -8.4833000e-01
  -5.5956159e-01
  -2.7239949e-01
   9.0070144e-03
   2.8072829e-01
   5.3913488e-01
   7.8097107e-01
   1.0034198e+00
   1.2041578e+00
   1.3813989e+00
   1.5339261e+00
   1.6611097e+00
   1.7629130e+00
   1.8398844e+00
   1.8931362e+00
   1.9243117e+00
   1.9355394e+00
   1.9293779e+00
   1.9087505e+00
   1.8768722e+00
   1.8371712e+00
   1.7932052e+00
   1.7485761e+00
   1.7068439e+00
   1.6714423e+00
   1.6455975e+00
   1.6322521e+00
   1.6339966e+00
   1.6530076e+00
   1.6909970e+00
   1.7491701e+00
   1.8281956e+00
   1.9281874e+00
   2.0486971e+00
   2.1887193e+00
   2.3467080e+00
   2.5206037e+00
   2.7078718e+00
   2.9055490e+00
   3.1102996e+00
   3.3184779e+00
   3.5261973e+00
   3.7294032e+00
   3.9239499e+00
   4.1056788e+00
   4.2704964e+00
   4.4144514e+00
   4.5338094e+00
   4.6251226e+00
   4.6852947e+00
   4.7116390e+00
   4.7019286e+00
   4.6544386e+00
   4.5679783e+00
   4.4419141e+00
   4.2761824e+00
   4.0712918e+00
   3.8283157e+00
   3.5488752e+00
   3.2351122e+00
   2.8896547e+00
   2.5155733e+00
   2.1163317e+00
   1.6957310e+00
   1.2578489e+00
   8.0697659e-01
   3.4755147e-01
  -1.1590974e-01
  -5.7887874e-01
  -1.0368821e+00
  -1.4855657e+00
  -1.9207556e+00
  -2.3385154e+00
  -2.7351977e+00
  -3.1074908e+00
  -3.4524576e+00
  -3.7675684e+00
  -4.0507251e+00
  -4.3002781e+00
  -4.5150345e+00
  -4.6942589e+00
  -4.8376655e+00
  -4.9454036e+00
  -5.0180353e+00
  -5.0565081e+00
  -5.0621211e+00
  -5.0364878e+00
  -4.9814942e+00
  -4.8992559e+00
  -4.7920725e+00
  -4.6623823e+00
  -4.5127167e+00
  -4.3456564e+00
  -4.1637891e+00
  -3.9696701e+00
  -3.7657856e+00
  -3.5545205e+00
  -3.3381294e+00
  -3.1187125e+00
  -2.8981957e+00
  -2.6783159e+00
  -2.4606103e+00
  -2.2464105e+00
  -2.0368410e+00
  -1.8328222e+00
  -1.6350761e+00
  -1.4441370e+00
  -1.2603634e+00
  -1.0839541e+00
  -9.1496479e-01
  -7.5332696e-01
  -5.9886760e-01
  -4.5132914e-01
  -3.1038949e-01
  -1.7568166e-01
  -4.6812547e-02
   7.6619398e-02
   1.9500786e-01
   3.0872397e-01
   4.1810339e-01
   5.2343527e-01
   6.2495328e-01
   7.2282862e-01
   8.1716516e-01
   9.0799667e-01
   9.9528597e-01
   1.0789261e+00
   1.1587434e+00
   1.2345018e+00
   1.3059093e+00
   1.3726255e+00
   1.4342698e+00
   1.4904314e+00
   1.5406793e+00
   1.5845731e+00
   1.6216744e+00
   1.6515578e+00
   1.6738221e+00
   1.6881015e+00
   1.6940755e+00
   1.6914794e+00
   1.6801132e+00
   1.6598498e+00
   1.6306424e+00
   1.5925303e+00
   1.5456442e+00
   1.4902096e+00
   1.4265492e+00
   1.3550833e+00
   1.2763298e+00
   1.1909018e+00
   1.0995039e+00
   1.0029277e+00
   9.0204504e-01
   7.9780050e-01
   6.9120227e-01
   5.8331208e-01
   4.7523400e-01
   3.6810225e-01
   2.6306833e-01
   1.6128736e-01
   6.3904043e-02
  -2.7961873e-02
  -1.1323018e-01
  -1.9087493e-01
  -2.5993888e-01
  -3.1954767e-01
  -3.6892334e-01
  -4.0739701e-01
  -4.3442053e-01
  -4.4957684e-01
  -4.5258877e-01
  -4.4332621e-01
  -4.2181128e-01
  -3.8822149e-01
  -3.4289072e-01
  -2.8630794e-01
  -2.1911352e-01
  -1.4209340e-01
  -5.6170781e-02
   3.7604176e-02
   1.3806687e-01
   2.4395266e-01
   3.5391293e-01
   4.6653282e-01
   5.8035013e-01
   6.9387533e-01
   8.0561224e-01
   9.1407926e-01
   1.0178306e+00
   1.1154774e+00
   1.2057082e+00
   1.2873086e+00
   1.3591795e+00
   1.4203539e+00
   1.4700117e+00
   1.5074923e+00
   1.5323046e+00
   1.5441344e+00
   1.5428488e+00
   1.5284979e+00
   1.5013126e+00
   1.4617005e+00
   1.4102376e+00
   1.3476583e+00
   1.2748420e+00
   1.1927976e+00
   1.1026459e+00
   1.0056003e+00
   9.0294591e-01
   7.9601814e-01
   6.8618001e-01
   5.7479983e-01
   4.6322882e-01
   3.5277945e-01
   2.4470468e-01
   1.4017865e-01
   4.0279010e-02
  -5.4028736e-02
  -1.4190462e-01
  -2.2264518e-01
  -2.9569180e-01
  -3.6063638e-01
  -4.1722428e-01
  -4.6535458e-01
  -5.0507767e-01
  -5.3659048e-01
  -5.6022925e-01
  -5.7646028e-01
  -5.8586873e-01
  -5.8914583e-01
  -5.8707460e-01
  -5.8051451e-01
  -5.7038520e-01
  -5.5764970e-01
  -5.4329726e-01
  -5.2832612e-01
  -5.1372664e-01
  -5.0046481e-01
  -4.8946654e-01
  -4.8160304e-01
  -4.7767725e-01
  -4.7841182e-01
  -4.8443853e-01
  -4.9628940e-01
  -5.1438958e-01
  -5.3905200e-01
  -5.7047382e-01
  -6.0873466e-01
  -6.5379657e-01
  -7.0550561e-01
  -7.6359503e-01
  -8.2768985e-01
  -8.9731274e-01
  -9.7189116e-01
  -1.0507654e+00
  -1.1331979e+00
  -1.2183824e+00
  -1.3054551e+00
  -1.3935053e+00
  -1.4815863e+00
  -1.5687276e+00
  -1.6539459e+00
  -1.7362568e+00
  -1.8146865e+00
  -1.8882823e+00
  -1.9561242e+00
  -2.0173343e+00
  -2.0710868e+00
  -2.1166169e+00
  -2.1532285e+00
  -2.1803020e+00
  -2.1972995e+00
  -2.2037708e+00
  -2.1993570e+00
  -2.1837935e+00
  -2.1569119e+00
  -2.1186407e+00
  -2.0690051e+00
  -2.0081250e+00
  -1.9362134e+00
  -1.8535721e+00
  -1.7605880e+00
  -1.6577274e+00
  -1.5455304e+00
  -1.4246042e+00
  -1.2956158e+00
  -1.1592845e+00
  -1.0163744e+00
  -8.6768543e-01
  -7.1404612e-01
  -5.5630484e-01
  -3.9532208e-01
  -2.3196265e-01
  -6.7088335e-02
   9.8449060e-02
   2.6381415e-01
   4.2819383e-01
   5.9080259e-01
   7.5088708e-01
   9.0773014e-01
   1.0606540e+00
   1.2090229e+00
   1.3522448e+00
   1.4897728e+00
   1.6211055e+00
   1.7457867e+00
   1.8634048e+00
   1.9735912e+00
   2.0760190e+00
   2.1704000e+00
   2.2564830e+00
   2.3340506e+00
   2.4029164e+00
   2.4629225e+00
   2.5139370e+00
   2.5558515e+00
   2.5885794e+00
   2.6120544e+00
   2.6262301e+00
   2.6310793e+00
   2.6265950e+00
   2.6127913e+00
   2.5897054e+00
   2.5574003e+00
   2.5159674e+00
   2.4655307e+00
   2.4062502e+00
   2.3383266e+00
   2.2620054e+00
   2.1775810e+00
   2.0854012e+00
   1.9858705e+00
   1.8794531e+00
   1.7666752e+00
   1.6481265e+00
   1.5244600e+00
   1.3963914e+00
   1.2646967e+00
   1.1302082e+00
   9.9380981e-01
   8.5643060e-01
   7.1903684e-01
   5.8262311e-01
   4.4820218e-01
   3.1679384e-01
   1.8941289e-01
   6.7056541e-02
  -4.9308718e-02
  -1.5876044e-01
  -2.6043359e-01
  -3.5353365e-01
  -4.3734932e-01
  -5.1126447e-01
  -5.7476916e-01
  -6.2746954e-01
  -6.6909629e-01
  -6.9951163e-01
  -7.1871446e-01
  -7.2684369e-01
  -7.2417956e-01
  -7.1114284e-01
  -6.8829196e-01
  -6.5631794e-01
  -6.1603724e-01
  -5.6838260e-01
  -5.1439186e-01
  -4.5519508e-01
  -3.9200002e-01
  -3.2607620e-01
  -2.5873785e-01
  -1.9132590e-01
  -1.2518942e-01
  -6.1666673e-02
  -2.0662069e-03
   5.2351829e-02
   1.0039373e-01
   1.4094942e-01
   1.7300842e-01
   1.9567446e-01
   2.0817828e-01
   2.0988863e-01
   2.0032119e-01
   1.7914519e-01
   1.4618787e-01
   1.0143638e-01
   4.5037470e-02
  -2.2705320e-02
  -1.0133674e-01
  -1.9025714e-01
  -2.8873194e-01
  -3.9590296e-01
  -5.1080168e-01
  -6.3236389e-01
  -7.5944581e-01
  -8.9084120e-01
  -1.0252993e+00
  -1.1615430e+00
  -1.2982876e+00
  -1.4342589e+00
  -1.5682108e+00
  -1.6989424e+00
  -1.8253131e+00
  -1.9462570e+00
  -2.0607949e+00
  -2.1680445e+00
  -2.2672284e+00
  -2.3576796e+00
  -2.4388445e+00
  -2.5102834e+00
  -2.5716688e+00
  -2.6227811e+00
  -2.6635017e+00
  -2.6938050e+00
  -2.7137476e+00
  -2.7234571e+00
  -2.7231184e+00
  -2.7129611e+00
  -2.6932451e+00
  -2.6642467e+00
  -2.6262462e+00
  -2.5795146e+00
  -2.5243038e+00
  -2.4608366e+00
  -2.3893000e+00
  -2.3098398e+00
  -2.2225588e+00
  -2.1275164e+00
  -2.0247314e+00
  -1.9141874e+00
  -1.7958407e+00
  -1.6696300e+00
  -1.5354887e+00
  -1.3933588e+00
  -1.2432057e+00
  -1.0850344e+00
  -9.1890583e-01
  -7.4495324e-01
  -5.6339808e-01
  -3.7456491e-01
  -1.7889486e-01
   2.3042792e-02
   2.3054129e-01
   4.4274969e-01
   6.5866910e-01
   8.7715209e-01
   1.0969055e+00
   1.3164969e+00
   1.5343646e+00
   1.7488310e+00
   1.9581203e+00
   2.1603791e+00
   2.3537001e+00
   2.5361495e+00
   2.7057963e+00
   2.8607444e+00
   2.9991659e+00
   3.1193360e+00
   3.2196679e+00
   3.2987482e+00
   3.3553708e+00
   3.3885694e+00
   3.3976475e+00
   3.3822055e+00
   3.3421637e+00
   3.2777806e+00
   3.1896662e+00
   3.0787898e+00
   2.9464811e+00
   2.7944254e+00
   2.6246515e+00
   2.4395133e+00
   2.2416647e+00
   2.0340271e+00
   1.8197523e+00
   1.6021784e+00
   1.3847809e+00
   1.1711198e+00
   9.6478292e-01
   7.6932619e-01
   5.8821310e-01
   4.2475289e-01
   2.8203958e-01
   1.6289265e-01
   6.9800511e-02
   4.8679050e-03
  -3.0231601e-02
  -3.4297126e-02
  -6.6349744e-03
   5.2914686e-02
   1.4395967e-01
   2.6554673e-01
   4.1616199e-01
   5.9374113e-01
   7.9568937e-01
   1.0189111e+00
   1.2598490e+00
   1.5145318e+00
   1.7786301e+00
   2.0475204e+00
   2.3163540e+00
   2.5801326e+00
   2.8337867e+00
   3.0722567e+00
   3.2905760e+00
   3.4839528e+00
   3.6478503e+00
   3.7780640e+00
   3.8707941e+00
   3.9227119e+00
   3.9310197e+00
   3.8935013e+00
   3.8085645e+00
   3.6752731e+00
   3.4933686e+00
   3.2632810e+00
   2.9861286e+00
   2.6637068e+00
   2.2984657e+00
   1.8934780e+00
   1.4523962e+00
   9.7940133e-01
   4.7914326e-01
  -4.3326138e-02
  -5.8262577e-01
  -1.1331228e+00
  -1.6890135e+00
  -2.2444062e+00
  -2.7934051e+00
  -3.3301930e+00
  -3.8491125e+00
  -4.3447438e+00
  -4.8119780e+00
  -5.2460854e+00
  -5.6427765e+00
  -5.9982568e+00
  -6.3092728e+00
  -6.5731498e+00
  -6.7878206e+00
  -6.9518449e+00
  -7.0644195e+00
  -7.1253791e+00
  -7.1351874e+00
  -7.0949205e+00
  -7.0062399e+00
  -6.8713599e+00
  -6.6930057e+00
  -6.4743661e+00
  -6.2190403e+00
  -5.9309797e+00
  -5.6144261e+00
  -5.2738466e+00
  -4.9138673e+00
  -4.5392056e+00
  -4.1546026e+00
  -3.7647571e+00
  -3.3742609e+00
  -2.9875377e+00
  -2.6087851e+00
  -2.2419217e+00
  -1.8905387e+00
  -1.5578573e+00
  -1.2466927e+00
  -9.5942445e-01
  -6.9797340e-01
  -4.6378604e-01
  -2.5782587e-01
  -8.0571909e-02
   6.7975767e-02
   1.8828368e-01
   2.8126610e-01
   3.4826005e-01
   3.9099462e-01
   4.1155525e-01
   4.1234335e-01
   3.9603210e-01
   3.6551909e-01
   3.2387649e-01
   2.7429951e-01
   2.2005397e-01
   1.6442376e-01
   1.1065891e-01
   6.1925014e-02
   2.1254801e-02
  -8.4975463e-03
  -2.4698669e-02
  -2.4974337e-02
  -7.2432851e-03
   3.0253849e-02
   8.8930847e-02
   1.6983774e-01
   2.7364836e-01
   4.0065365e-01
   5.5076084e-01
   7.2349828e-01
   9.1802586e-01
   1.1331507e+00
   1.3673479e+00
   1.6187858e+00
   1.8853551e+00
   2.1647023e+00
   2.4542650e+00
   2.7513109e+00
   3.0529778e+00
   3.3563144e+00
   3.6583230e+00
   3.9560003e+00
   4.2463788e+00
   4.5265661e+00
   4.7937822e+00
   5.0453948e+00
   5.2789511e+00
   5.4922063e+00
   5.6831481e+00
   5.8500176e+00
   5.9913250e+00
   6.1058616e+00
   6.1927066e+00
   6.2512300e+00
   6.2810903e+00
   6.2822291e+00
   6.2548608e+00
   6.1994590e+00
   6.1167404e+00
   6.0076449e+00
   5.8733140e+00
   5.7150671e+00
   5.5343769e+00
   5.3328433e+00
   5.1121672e+00
   4.8741243e+00
   4.6205394e+00
   4.3532614e+00
   4.0741398e+00
   3.7850024e+00
   3.4876345e+00
   3.1837613e+00
   2.8750307e+00
   2.5629997e+00
   2.2491222e+00
   1.9347400e+00
   1.6210751e+00
   1.3092251e+00
   1.0001600e+00
   6.9472170e-01
   3.9362539e-01
   9.7462280e-02
  -1.9329539e-01
  -4.7828803e-01
  -7.5726092e-01
  -1.0300551e+00
  -1.2965970e+00
  -1.5568876e+00
  -1.8109899e+00
  -2.0590169e+00
  -2.3011182e+00
  -2.5374665e+00
  -2.7682449e+00
  -2.9936333e+00
  -3.2137958e+00
  -3.4288686e+00
  -3.6389485e+00
  -3.8440827e+00
  -4.0442591e+00
  -4.2393991e+00
  -4.4293504e+00
  -4.6138826e+00
  -4.7926838e+00
  -4.9653590e+00
  -5.1314307e+00
  -5.2903408e+00
  -5.4414543e+00
  -5.5840651e+00
  -5.7174027e+00
  -5.8406413e+00
  -5.9529089e+00
  -6.0532994e+00
  -6.1408840e+00
  -6.2147242e+00
  -6.2738860e+00
  -6.3174534e+00
  -6.3445429e+00
  -6.3543182e+00
  -6.3460044e+00
  -6.3189016e+00
  -6.2723988e+00
  -6.2059866e+00
  -6.1192685e+00
  -6.0119720e+00
  -5.8839577e+00
  -5.7352273e+00
  -5.5659298e+00
  -5.3763659e+00
  -5.1669913e+00
  -4.9384166e+00
  -4.6914066e+00
  -4.4268772e+00
  -4.1458897e+00
  -3.8496443e+00
  -3.5394703e+00
  -3.2168158e+00
  -2.8832345e+00
  -2.5403724e+00
  -2.1899511e+00
  -1.8337520e+00
  -1.4735977e+00
  -1.1113340e+00
  -7.4881035e-01
  -3.8786071e-01
  -3.0284156e-02
   3.2217412e-01
   6.6784124e-01
   1.0051341e+00
   1.3325756e+00
   1.6488097e+00
   1.9526144e+00
   2.2429131e+00
   2.5187837e+00
   2.7794656e+00
   3.0243640e+00
   3.2530522e+00
   3.4652712e+00
   3.6609268e+00
   3.8400842e+00
   4.0029603e+00
   4.1499143e+00
   4.2814352e+00
   4.3981286e+00
   4.5007013e+00
   4.5899442e+00
   4.6667153e+00
   4.7319209e+00
   4.7864968e+00
   4.8313891e+00
   4.8675361e+00
   4.8958496e+00
   4.9171975e+00
   4.9323878e+00
   4.9421539e+00
   4.9471409e+00
   4.9478949e+00
   4.9448532e+00
   4.9383373e+00
   4.9285483e+00
   4.9155642e+00
   4.8993398e+00
   4.8797095e+00
   4.8563914e+00
   4.8289949e+00
   4.7970296e+00
   4.7599167e+00
   4.7170019e+00
   4.6675702e+00
   4.6108616e+00
   4.5460889e+00
   4.4724551e+00
   4.3891716e+00
   4.2954775e+00
   4.1906574e+00
   4.0740598e+00
   3.9451138e+00
   3.8033459e+00
   3.6483942e+00
   3.4800218e+00
   3.2981284e+00
   3.1027590e+00
   2.8941116e+00
   2.6725414e+00
   2.4385634e+00
   2.1928514e+00
   1.9362353e+00
   1.6696950e+00
   1.3943519e+00
   1.1114578e+00
   8.2238075e-01
   5.2858947e-01
   2.3163462e-01
  -6.6871188e-02
  -3.6527526e-01
  -6.6190778e-01
  -9.5510563e-01
  -1.2432366e+00
  -1.5247234e+00
  -1.7980674e+00
  -2.0618709e+00
  -2.3148580e+00
  -2.5558938e+00
  -2.7840007e+00
  -2.9983726e+00
  -3.1983847e+00
  -3.3836015e+00
  -3.5537797e+00
  -3.7088685e+00
  -3.8490053e+00
  -3.9745081e+00
  -4.0858637e+00
  -4.1837133e+00
  -4.2688342e+00
  -4.3421189e+00
  -4.4045521e+00
  -4.4571855e+00
  -4.5011114e+00
  -4.5374355e+00
  -4.5672490e+00
  -4.5916017e+00
  -4.6114758e+00
  -4.6277606e+00
  -4.6412298e+00
  -4.6525210e+00
  -4.6621183e+00
  -4.6703378e+00
  -4.6773174e+00
  -4.6830098e+00
  -4.6871800e+00
  -4.6894069e+00
  -4.6890890e+00
  -4.6854547e+00
  -4.6775759e+00
  -4.6643863e+00
  -4.6447021e+00
  -4.6172470e+00
  -4.5806791e+00
  -4.5336200e+00
  -4.4746857e+00
  -4.4025187e+00
  -4.3158193e+00
  -4.2133783e+00
  -4.0941067e+00
  -3.9570652e+00
  -3.8014908e+00
  -3.6268206e+00
  -3.4327120e+00
  -3.2190592e+00
  -2.9860059e+00
  -2.7339525e+00
  -2.4635597e+00
  -2.1757468e+00
  -1.8716851e+00
  -1.5527868e+00
  -1.2206900e+00
  -8.7723843e-01
  -5.2445846e-01
  -1.6453233e-01
   2.0023128e-01
   5.6742881e-01
   9.3459491e-01
   1.2992364e+00
   1.6588663e+00
   2.0110380e+00
   2.3533773e+00
   2.6836142e+00
   2.9996114e+00
   3.2993911e+00
   3.5811584e+00
   3.8433210e+00
   4.0845069e+00
   4.3035761e+00
   4.4996308e+00
   4.6720202e+00
   4.8203420e+00
   4.9444404e+00
   5.0444005e+00
   5.1205388e+00
   5.1733917e+00
   5.2037002e+00
   5.2123930e+00
   5.2005669e+00
   5.1694655e+00
   5.1204571e+00
   5.0550110e+00
   4.9746732e+00
   4.8810421e+00
   4.7757441e+00
   4.6604091e+00
   4.5366476e+00
   4.4060278e+00
   4.2700542e+00
   4.1301482e+00
   3.9876294e+00
   3.8436994e+00
   3.6994277e+00
   3.5557398e+00
   3.4134072e+00
   3.2730407e+00
   3.1350863e+00
   2.9998229e+00
   2.8673644e+00
   2.7376628e+00
   2.6105160e+00
   2.4855765e+00
   2.3623645e+00
   2.2402819e+00
   2.1186302e+00
   1.9966291e+00
   1.8734378e+00
   1.7481778e+00
   1.6199561e+00
   1.4878899e+00
   1.3511311e+00
   1.2088908e+00
   1.0604633e+00
   9.0524831e-01
   7.4277218e-01
   5.7270672e-01
   3.9488535e-01
   2.0931636e-01
   1.6192784e-02
  -1.8410149e-01
  -3.9098943e-01
  -6.0370270e-01
  -8.2128756e-01
  -1.0426149e+00
  -1.2663944e+00
  -1.4911921e+00
  -1.7154515e+00
  -1.9375185e+00
  -2.1556679e+00
  -2.3681328e+00
  -2.5731352e+00
  -2.7689180e+00
  -2.9537768e+00
  -3.1260916e+00
  -3.2843578e+00
  -3.4272147e+00
  -3.5534721e+00
  -3.6621345e+00
  -3.7524206e+00
  -3.8237795e+00
  -3.8759026e+00
  -3.9087302e+00
  -3.9224536e+00
  -3.9175121e+00
  -3.8945848e+00
  -3.8545773e+00
  -3.7986043e+00
  -3.7279674e+00
  -3.6441287e+00
  -3.5486819e+00
  -3.4433196e+00
  -3.3297994e+00
  -3.2099080e+00
  -3.0854247e+00
  -2.9580859e+00
  -2.8295495e+00
  -2.7013620e+00
  -2.5749273e+00
  -2.4514797e+00
  -2.3320600e+00
  -2.2174961e+00
  -2.1083891e+00
  -2.0051042e+00
  -1.9077669e+00
  -1.8162654e+00
  -1.7302582e+00
  -1.6491874e+00
  -1.5722972e+00
  -1.4986573e+00
  -1.4271905e+00
  -1.3567043e+00
  -1.2859257e+00
  -1.2135377e+00
  -1.1382179e+00
  -1.0586778e+00
  -9.7370108e-01
  -8.8218151e-01
  -7.8315842e-01
  -6.7584941e-01
  -5.5967940e-01
  -4.3430533e-01
  -2.9963585e-01
  -1.5584551e-01
  -3.3829873e-03
   1.5702697e-01
   3.2438801e-01
   4.9744317e-01
   6.7469231e-01
   8.5441570e-01
   1.0347035e+00
   1.2134906e+00
   1.3885960e+00
   1.5577666e+00
   1.7187236e+00
   1.8692117e+00
   2.0070491e+00
   2.1301778e+00
   2.2367130e+00
   2.3249905e+00
   2.3936112e+00
   2.4414807e+00
   2.4678449e+00
   2.4723186e+00
   2.4549076e+00
   2.4160230e+00
   2.3564878e+00
   2.2775347e+00
   2.1807946e+00
   2.0682768e+00
   1.9423407e+00
   1.8056582e+00
   1.6611693e+00
   1.5120298e+00
   1.3615534e+00
   1.2131487e+00
   1.0702521e+00
   9.3625854e-01
   8.1445116e-01
   7.0793162e-01
   6.1955238e-01
   5.5185258e-01
   5.0699912e-01
   4.8673408e-01
   4.9232999e-01
   5.2455390e-01
   5.8364130e-01
   6.6928045e-01
   7.8060776e-01
   9.1621425e-01
   1.0741631e+00
   1.2520183e+00
   1.4468828e+00
   1.6554469e+00
   1.8740452e+00
   2.0987197e+00
   2.3252905e+00
   2.5494301e+00
   2.7667409e+00
   2.9728349e+00
   3.1634123e+00
   3.3343392e+00
   3.4817220e+00
   3.6019771e+00
   3.6918946e+00
   3.7486949e+00
   3.7700772e+00
   3.7542587e+00
   3.7000046e+00
   3.6066470e+00
   3.4740942e+00
   3.3028288e+00
   3.0938958e+00
   2.8488811e+00
   2.5698798e+00
   2.2594568e+00
   1.9205989e+00
   1.5566616e+00
   1.1713086e+00
   7.6844911e-01
   3.5217075e-01
  -7.3328127e-02
  -5.0380685e-01
  -9.3504946e-01
  -1.3629296e+00
  -1.7834717e+00
  -2.1929078e+00
  -2.5877288e+00
  -2.9647291e+00
  -3.3210449e+00
  -3.6541842e+00
  -3.9620495e+00
  -4.2429522e+00
  -4.4956189e+00
  -4.7191904e+00
  -4.9132118e+00
  -5.0776170e+00
  -5.2127053e+00
  -5.3191132e+00
  -5.3977808e+00
  -5.4499136e+00
  -5.4769424e+00
  -5.4804794e+00
  -5.4622746e+00
  -5.4241710e+00
  -5.3680604e+00
  -5.2958419e+00
  -5.2093812e+00
  -5.1104740e+00
  -5.0008127e+00
  -4.8819576e+00
  -4.7553118e+00
  -4.6221022e+00
  -4.4833643e+00
  -4.3399331e+00
  -4.1924379e+00
  -4.0413032e+00
  -3.8867528e+00
  -3.7288193e+00
  -3.5673571e+00
  -3.4020583e+00
  -3.2324723e+00
  -3.0580275e+00
  -2.8780546e+00
  -2.6918117e+00
  -2.4985094e+00
  -2.2973374e+00
  -2.0874889e+00
  -1.8681861e+00
  -1.6387031e+00
  -1.3983878e+00
  -1.1466818e+00
  -8.8313747e-01
  -6.0743341e-01
  -3.1938658e-01
  -1.8962129e-02
   2.9371942e-01
   6.1837763e-01
   9.5456994e-01
   1.3016916e+00
   1.6589774e+00
   2.0255051e+00
   2.4002002e+00
   2.7818411e+00
   3.1690654e+00
   3.5603767e+00
   3.9541506e+00
   4.3486418e+00
   4.7419903e+00
   5.1322277e+00
   5.5172835e+00
   5.8949914e+00
   6.2630953e+00
   6.6192566e+00
   6.9610617e+00
   7.2860301e+00
   7.5916248e+00
   7.8752635e+00
   8.1343326e+00
   8.3662031e+00
   8.5682491e+00
   8.7378696e+00
   8.8725127e+00
   8.9697035e+00
   9.0270736e+00
   9.0423944e+00
   9.0136116e+00
   8.9388819e+00
   8.8166098e+00
   8.6454859e+00
   8.4245228e+00
   8.1530911e+00
   7.8309522e+00
   7.4582876e+00
   7.0357248e+00
   6.5643572e+00
   6.0457591e+00
   5.4819935e+00
   4.8756135e+00
   4.2296555e+00
   3.5476254e+00
   2.8334766e+00
   2.0915801e+00
   1.3266874e+00
   5.4388614e-01
  -2.5145086e-01
  -1.0537223e+00
  -1.8571600e+00
  -2.6558945e+00
  -3.4440230e+00
  -4.2156797e+00
  -4.9651060e+00
  -5.6867195e+00
  -6.3751815e+00
  -7.0254606e+00
  -7.6328924e+00
  -8.1932328e+00
  -8.7027058e+00
  -9.1580436e+00
  -9.5565189e+00
  -9.8959693e+00
  -1.0174813e+01
  -1.0392057e+01
  -1.0547292e+01
  -1.0640690e+01
  -1.0672979e+01
  -1.0645424e+01
  -1.0559794e+01
  -1.0418323e+01
  -1.0223671e+01
  -9.9788740e+00
  -9.6872985e+00
  -9.3525855e+00
  -8.9785993e+00
  -8.5693732e+00
  -8.1290566e+00
  -7.6618623e+00
  -7.1720168e+00
  -6.6637121e+00
  -6.1410619e+00
  -5.6080600e+00
  -5.0685436e+00
  -4.5261604e+00
  -3.9843401e+00
  -3.4462702e+00
  -2.9148766e+00
  -2.3928084e+00
  -1.8824269e+00
  -1.3857985e+00
  -9.0469262e-01
  -4.4058170e-01
   5.3539844e-03
   4.3221897e-01
   8.3939202e-01
   1.2265129e+00
   1.5934666e+00
   1.9403651e+00
   2.2675278e+00
   2.5754588e+00
   2.8648243e+00
   3.1364271e+00
   3.3911813e+00
   3.6300851e+00
   3.8541943e+00
   4.0645940e+00
   4.2623720e+00
   4.4485916e+00
   4.6242651e+00
   4.7903290e+00
   4.9476200e+00
   5.0968534e+00
   5.2386026e+00
   5.3732822e+00
   5.5011327e+00
   5.6222093e+00
   5.7363731e+00
   5.8432859e+00
   5.9424095e+00
   6.0330072e+00
   6.1141508e+00
   6.1847306e+00
   6.2434692e+00
   6.2889396e+00
   6.3195866e+00
   6.3337516e+00
   6.3297006e+00
   6.3056554e+00
   6.2598265e+00
   6.1904485e+00
   6.0958173e+00
   5.9743270e+00
   5.8245090e+00
   5.6450691e+00
   5.4349251e+00
   5.1932422e+00
   4.9194665e+00
   4.6133563e+00
   4.2750090e+00
   3.9048857e+00
   3.5038302e+00
   3.0730837e+00
   2.6142942e+00
   2.1295202e+00
   1.6212290e+00
   1.0922875e+00
   5.4594847e-01
  -1.4170508e-02
  -5.8411427e-01
  -1.1596230e+00
  -1.7361712e+00
  -2.3090119e+00
  -2.8732262e+00
  -3.4237767e+00
  -3.9555655e+00
  -4.4634947e+00
  -4.9425293e+00
  -5.3877623e+00
  -5.7944796e+00
  -6.1582251e+00
  -6.4748641e+00
  -6.7406456e+00
  -6.9522595e+00
  -7.1068918e+00
  -7.2022728e+00
  -7.2367207e+00
  -7.2091776e+00
  -7.1192384e+00
  -6.9671709e+00
  -6.7539280e+00
  -6.4811495e+00
  -6.1511560e+00
  -5.7669315e+00
  -5.3320979e+00
  -4.8508789e+00
  -4.3280558e+00
  -3.7689143e+00
  -3.1791832e+00
  -2.5649662e+00
  -1.9326679e+00
  -1.2889137e+00
  -6.4046664e-01
   5.8594432e-03
   6.4328744e-01
   1.2651653e+00
   1.8650527e+00
   2.4368056e+00
   2.9746568e+00
   3.4732906e+00
   3.9279123e+00
   4.3343093e+00
   4.6889036e+00
   4.9887949e+00
   5.2317941e+00
   5.4164445e+00
   5.5420335e+00
   5.6085912e+00
   5.6168788e+00
   5.5683651e+00
   5.4651920e+00
   5.3101305e+00
   5.1065262e+00
   4.8582372e+00
   4.5695639e+00
   4.2451734e+00
   3.8900180e+00
   3.5092517e+00
   3.1081442e+00
   2.6919948e+00
   2.2660475e+00
   1.8354098e+00
   1.4049748e+00
   9.7935012e-01
   5.6279312e-01
   1.5915459e-01
  -2.2816842e-01
  -5.9626997e-01
  -9.4276221e-01
  -1.2657915e+00
  -1.5640437e+00
  -1.8367389e+00
  -2.0836149e+00
  -2.3049021e+00
  -2.5012877e+00
  -2.6738728e+00
  -2.8241213e+00
  -2.9538036e+00
  -3.0649346e+00
  -3.1597090e+00
  -3.2404347e+00
  -3.3094645e+00
  -3.3691304e+00
  -3.4216785e+00
  -3.4692089e+00
  -3.5136192e+00
  -3.5565549e+00
  -3.5993663e+00
  -3.6430728e+00
  -3.6883365e+00
  -3.7354434e+00
  -3.7842948e+00
  -3.8344071e+00
  -3.8849212e+00
  -3.9346201e+00
  -3.9819555e+00
  -4.0250812e+00
  -4.0618943e+00
  -4.0900817e+00
  -4.1071715e+00
  -4.1105893e+00
  -4.0977154e+00
  -4.0659453e+00
  -4.0127496e+00
  -3.9357323e+00
  -3.8326887e+00
  -3.7016585e+00
  -3.5409755e+00
  -3.3493120e+00
  -3.1257172e+00
  -2.8696489e+00
  -2.5809987e+00
  -2.2601091e+00
  -1.9077829e+00
  -1.5252857e+00
  -1.1143394e+00
  -6.7710949e-01
  -2.1618441e-01
   2.6545179e-01
   7.6445279e-01
   1.2771490e+00
   1.7995917e+00
   2.3276008e+00
   2.8568162e+00
   3.3827518e+00
   3.9008508e+00
   4.4065411e+00
   4.8952919e+00
   5.3626680e+00
   5.8043828e+00
   6.2163491e+00
   6.5947262e+00
   6.9359633e+00
   7.2368395e+00
   7.4944977e+00
   7.7064752e+00
   7.8707277e+00
   7.9856489e+00
   8.0500839e+00
   8.0633380e+00
   8.0251793e+00
   7.9358367e+00
   7.7959926e+00
   7.6067712e+00
   7.3697219e+00
   7.0867991e+00
   6.7603380e+00
   6.3930276e+00
   5.9878797e+00
   5.5481968e+00
   5.0775362e+00
   4.5796739e+00
   4.0585653e+00
   3.5183062e+00
   2.9630920e+00
   2.3971771e+00
   1.8248337e+00
   1.2503115e+00
   6.7779739e-01
   1.1137646e-01
  -4.4500543e-01
  -9.8757759e-01
  -1.5127783e+00
  -2.0172859e+00
  -2.4980476e+00
  -2.9523041e+00
  -3.3776121e+00
  -3.7718621e+00
  -4.1332922e+00
  -4.4604984e+00
  -4.7524400e+00
  -5.0084402e+00
  -5.2281834e+00
  -5.4117066e+00
  -5.5593873e+00
  -5.6719267e+00
  -5.7503291e+00
  -5.7958774e+00
  -5.8101056e+00
  -5.7947674e+00
  -5.7518037e+00
  -5.6833070e+00
  -5.5914851e+00
  -5.4786237e+00
  -5.3470493e+00
  -5.1990921e+00
  -5.0370505e+00
  -4.8631575e+00
  -4.6795486e+00
  -4.4882341e+00
  -4.2910736e+00
  -4.0897554e+00
  -3.8857793e+00
  -3.6804445e+00
  -3.4748420e+00
  -3.2698520e+00
  -3.0661453e+00
  -2.8641901e+00
  -2.6642620e+00
  -2.4664593e+00
  -2.2707201e+00
  -2.0768436e+00
  -1.8845131e+00
  -1.6933213e+00
  -1.5027960e+00
  -1.3124269e+00
  -1.1216921e+00
  -9.3008383e-01
  -7.3713267e-01
  -5.4243013e-01
  -3.4564877e-01
  -1.4655965e-01
   5.4953346e-02
   2.5888244e-01
   4.6508831e-01
   6.7329603e-01
   8.8309435e-01
   1.0939385e+00
   1.3051561e+00
   1.5159562e+00
   1.7254403e+00
   1.9326170e+00
   2.1364171e+00
   2.3357109e+00
   2.5293271e+00
   2.7160710e+00
   2.8947440e+00
   3.0641624e+00
   3.2231757e+00
   3.3706838e+00
   3.5056529e+00
   3.6271300e+00
   3.7342549e+00
   3.8262715e+00
   3.9025356e+00
   3.9625219e+00
   4.0058281e+00
   4.0321776e+00
   4.0414197e+00
   4.0335290e+00
   4.0086024e+00
   3.9668552e+00
   3.9086161e+00
   3.8343207e+00
   3.7445050e+00
   3.6397974e+00
   3.5209108e+00
   3.3886344e+00
   3.2438245e+00
   3.0873960e+00
   2.9203133e+00
   2.7435815e+00
   2.5582373e+00
   2.3653409e+00
   2.1659674e+00
   1.9611991e+00
   1.7521180e+00
   1.5397992e+00
   1.3253043e+00
   1.1096757e+00
   8.9393143e-01
   6.7906010e-01
   4.6601668e-01
   2.5571836e-01
   4.9040713e-02
  -1.5318592e-01
  -3.5017988e-01
  -5.4121165e-01
  -7.2560722e-01
  -9.0275141e-01
  -1.0720913e+00
  -1.2331394e+00
  -1.3854769e+00
  -1.5287568e+00
  -1.6627064e+00
  -1.7871301e+00
  -1.9019106e+00
  -2.0070106e+00
  -2.1024732e+00
  -2.1884208e+00
  -2.2650545e+00
  -2.3326506e+00
  -2.3915574e+00
  -2.4421898e+00
  -2.4850234e+00
  -2.5205867e+00
  -2.5494524e+00
  -2.5722274e+00
  -2.5895419e+00
  -2.6020368e+00
  -2.6103516e+00
  -2.6151101e+00
  -2.6169073e+00
  -2.6162949e+00
  -2.6137684e+00
  -2.6097536e+00
  -2.6045952e+00
  -2.5985460e+00
  -2.5917583e+00
  -2.5842770e+00
  -2.5760352e+00
  -2.5668526e+00
  -2.5564359e+00
  -2.5443830e+00
  -2.5301895e+00
  -2.5132579e+00
  -2.4929096e+00
  -2.4684000e+00
  -2.4389346e+00
  -2.4036880e+00
  -2.3618236e+00
  -2.3125152e+00
  -2.2549679e+00
  -2.1884399e+00
  -2.1122637e+00
  -2.0258660e+00
  -1.9287861e+00
  -1.8206928e+00
  -1.7013982e+00
  -1.5708693e+00
  -1.4292366e+00
  -1.2767990e+00
  -1.1140258e+00
  -9.4155499e-01
  -7.6018777e-01
  -5.7088029e-01
  -3.7473149e-01
  -1.7296800e-01
   3.3073777e-02
   2.4196837e-01
   4.5222406e-01
   6.6230765e-01
   8.7067062e-01
   1.0757763e+00
   1.2761272e+00
   1.4702927e+00
   1.6569355e+00
   1.8348369e+00
   2.0029206e+00
   2.1602731e+00
   2.3061620e+00
   2.4400499e+00
   2.5616050e+00
   2.6707064e+00
   2.7674454e+00
   2.8521213e+00
   2.9252324e+00
   2.9874617e+00
   3.0396585e+00
   3.0828145e+00
   3.1180363e+00
   3.1465151e+00
   3.1694923e+00
   3.1882242e+00
   3.2039453e+00
   3.2178310e+00
   3.2309611e+00
   3.2442851e+00
   3.2585899e+00
   3.2744700e+00
   3.2923031e+00
   3.3122287e+00
   3.3341335e+00
   3.3576413e+00
   3.3821098e+00
   3.4066330e+00
   3.4300501e+00
   3.4509607e+00
   3.4677464e+00
   3.4785975e+00
   3.4815457e+00
   3.4745019e+00
   3.4552976e+00
   3.4217305e+00
   3.3716127e+00
   3.3028213e+00
   3.2133491e+00
   3.1013565e+00
   2.9652213e+00
   2.8035873e+00
   2.6154092e+00
   2.3999936e+00
   2.1570344e+00
   1.8866428e+00
   1.5893689e+00
   1.2662176e+00
   9.1865352e-01
   5.4859967e-01
   1.5842504e-01
  -2.4907600e-01
  -6.7071367e-01
  -1.1029415e+00
  -1.5419035e+00
  -1.9834882e+00
  -2.4233904e+00
  -2.8571773e+00
  -3.2803597e+00
  -3.6884657e+00
  -4.0771160e+00
  -4.4420987e+00
  -4.7794425e+00
  -5.0854872e+00
  -5.3569481e+00
  -5.5909752e+00
  -5.7852042e+00
  -5.9377992e+00
  -6.0474854e+00
  -6.1135716e+00
  -6.1359618e+00
  -6.1151552e+00
  -6.0522359e+00
  -5.9488509e+00
  -5.8071779e+00
  -5.6298829e+00
  -5.4200701e+00
  -5.1812222e+00
  -4.9171356e+00
  -4.6318495e+00
  -4.3295715e+00
  -4.0146011e+00
  -3.6912520e+00
  -3.3637757e+00
  -3.0362875e+00
  -2.7126958e+00
  -2.3966371e+00
  -2.0914175e+00
  -1.7999613e+00
  -1.5247684e+00
  -1.2678809e+00
  -1.0308597e+00
  -8.1477066e-01
  -6.2018197e-01
  -4.4717087e-01
  -2.9534077e-01
  -1.6384766e-01
  -5.1435061e-02
   4.3523057e-02
   1.2297287e-01
   1.8912572e-01
   2.4439907e-01
   2.9135470e-01
   3.3263566e-01
   3.7090327e-01
   4.0877582e-01
   4.4877005e-01
   4.9324680e-01
   5.4436183e-01
   6.0402281e-01
   6.7385304e-01
   7.5516261e-01
   8.4892712e-01
   9.5577421e-01
   1.0759777e+00
   1.2094591e+00
   1.3557961e+00
   1.5142375e+00
   1.6837235e+00
   1.8629118e+00
   2.0502070e+00
   2.2437941e+00
   2.4416743e+00
   2.6417024e+00
   2.8416259e+00
   3.0391237e+00
   3.2318452e+00
   3.4174476e+00
   3.5936327e+00
   3.7581812e+00
   3.9089848e+00
   4.0440759e+00
   4.1616537e+00
   4.2601083e+00
   4.3380401e+00
   4.3942765e+00
   4.4278849e+00
   4.4381815e+00
   4.4247372e+00
   4.3873794e+00
   4.3261904e+00
   4.2415022e+00
   4.1338888e+00
   4.0041547e+00
   3.8533207e+00
   3.6826084e+00
   3.4934206e+00
   3.2873218e+00
   3.0660159e+00
   2.8313232e+00
   2.5851571e+00
   2.3294997e+00
   2.0663780e+00
   1.7978400e+00
   1.5259320e+00
   1.2526761e+00
   9.8005005e-01
   7.0996748e-01
   4.4426039e-01
   1.8466333e-01
  -6.7200608e-02
  -3.0983170e-01
  -5.4186362e-01
  -7.6207141e-01
  -9.6937749e-01
  -1.1628558e+00
  -1.3417342e+00
  -1.5053950e+00
  -1.6533741e+00
  -1.7853586e+00
  -1.9011835e+00
  -2.0008269e+00
  -2.0844044e+00
  -2.1521631e+00
  -2.2044746e+00
  -2.2418281e+00
  -2.2648222e+00
  -2.2741572e+00
  -2.2706270e+00
  -2.2551107e+00
  -2.2285632e+00
  -2.1920071e+00
  -2.1465223e+00
  -2.0932372e+00
  -2.0333179e+00
  -1.9679578e+00
  -1.8983666e+00
  -1.8257592e+00
  -1.7513436e+00
  -1.6763094e+00
  -1.6018151e+00
  -1.5289769e+00
  -1.4588561e+00
  -1.3924477e+00
  -1.3306694e+00
  -1.2743513e+00
  -1.2242263e+00
  -1.1809220e+00
  -1.1449533e+00
  -1.1167174e+00
  -1.0964892e+00
  -1.0844197e+00
  -1.0805354e+00
  -1.0847399e+00
  -1.0968176e+00
  -1.1164386e+00
  -1.1431664e+00
  -1.1764663e+00
  -1.2157154e+00
  -1.2602148e+00
  -1.3092011e+00
  -1.3618600e+00
  -1.4173398e+00
  -1.4747649e+00
  -1.5332491e+00
  -1.5919086e+00
  -1.6498743e+00
  -1.7063030e+00
  -1.7603873e+00
  -1.8113645e+00
  -1.8585241e+00
  -1.9012135e+00
  -1.9388429e+00
  -1.9708881e+00
  -1.9968924e+00
  -2.0164676e+00
  -2.0292932e+00
  -2.0351149e+00
  -2.0337429e+00
  -2.0250487e+00
  -2.0089619e+00
  -1.9854659e+00
  -1.9545944e+00
  -1.9164264e+00
  -1.8710817e+00
  -1.8187165e+00
  -1.7595185e+00
  -1.6937018e+00
  -1.6215025e+00
  -1.5431738e+00
  -1.4589808e+00
  -1.3691961e+00
  -1.2740948e+00
  -1.1739494e+00
  -1.0690254e+00
  -9.5957676e-01
  -8.4584072e-01
  -7.2803414e-01
  -6.0634922e-01
  -4.8094981e-01
  -3.5196826e-01
  -2.1950270e-01
  -8.3614971e-02
   5.5670615e-02
   1.9836779e-01
   3.4452782e-01
   4.9423795e-01
   6.4761874e-01
   8.0482012e-01
   9.6601617e-01
   1.1313986e+00
   1.3011686e+00
   1.4755280e+00
   1.6546682e+00
   1.8387586e+00
   2.0279337e+00
   2.2222795e+00
   2.4218189e+00
   2.6264975e+00
   2.8361680e+00
   3.0505769e+00
   3.2693496e+00
   3.4919785e+00
   3.7178116e+00
   3.9460428e+00
   4.1757051e+00
   4.4056655e+00
   4.6346237e+00
   4.8611129e+00
   5.0835046e+00
   5.3000166e+00
   5.5087246e+00
   5.7075774e+00
   5.8944153e+00
   6.0669922e+00
   6.2230010e+00
   6.3601013e+00
   6.4759499e+00
   6.5682337e+00
   6.6347033e+00
   6.6732082e+00
   6.6817322e+00
   6.6584277e+00
   6.6016505e+00
   6.5099910e+00
   6.3823040e+00
   6.2177359e+00
   6.0157467e+00
   5.7761297e+00
   5.4990250e+00
   5.1849294e+00
   4.8347006e+00
   4.4495560e+00
   4.0310673e+00
   3.5811485e+00
   3.1020406e+00
   2.5962907e+00
   2.0667274e+00
   1.5164322e+00
   9.4870796e-01
   3.6704484e-01
  -2.2491643e-01
  -8.2342208e-01
  -1.4246440e+00
  -2.0247188e+00
  -2.6197860e+00
  -3.2060260e+00
  -3.7796965e+00
  -4.3371668e+00
  -4.8749506e+00
  -5.3897354e+00
  -5.8784098e+00
  -6.3380879e+00
  -6.7661298e+00
  -7.1601600e+00
  -7.5180814e+00
  -7.8380870e+00
  -8.1186679e+00
  -8.3586184e+00
  -8.5570378e+00
  -8.7133298e+00
  -8.8271991e+00
  -8.8986450e+00
  -8.9279537e+00
  -8.9156875e+00
  -8.8626731e+00
  -8.7699874e+00
  -8.6389425e+00
  -8.4710688e+00
  -8.2680983e+00
  -8.0319449e+00
  -7.7646865e+00
  -7.4685439e+00
  -7.1458613e+00
  -6.7990850e+00
  -6.4307428e+00
  -6.0434227e+00
  -5.6397516e+00
  -5.2223748e+00
  -4.7939351e+00
  -4.3570528e+00
  -3.9143062e+00
  -3.4682130e+00
  -3.0212123e+00
  -2.5756483e+00
  -2.1337552e+00
  -1.6976425e+00
  -1.2692835e+00
  -8.5050396e-01
  -4.4297328e-01
  -4.8197244e-02
   3.3248739e-01
   6.9791640e-01
   1.0470997e+00
   1.3792212e+00
   1.6936363e+00
   1.9898685e+00
   2.2676035e+00
   2.5266818e+00
   2.7670901e+00
   2.9889510e+00
   3.1925115e+00
   3.3781307e+00
   3.5462658e+00
   3.6974583e+00
   3.8323188e+00
   3.9515122e+00
   4.0557418e+00
   4.1457349e+00
   4.2222273e+00
   4.2859499e+00
   4.3376144e+00
   4.3779020e+00
   4.4074519e+00
   4.4268521e+00
   4.4366312e+00
   4.4372532e+00
   4.4291124e+00
   4.4125322e+00
   4.3877644e+00
   4.3549918e+00
   4.3143316e+00
   4.2658419e+00
   4.2095295e+00
   4.1453589e+00
   4.0732634e+00
   3.9931577e+00
   3.9049499e+00
   3.8085559e+00
   3.7039131e+00
   3.5909939e+00
   3.4698189e+00
   3.3404699e+00
   3.2031004e+00
   3.0579458e+00
   2.9053308e+00
   2.7456756e+00
   2.5794989e+00
   2.4074190e+00
   2.2301524e+00
   2.0485095e+00
   1.8633880e+00
   1.6757639e+00
   1.4866803e+00
   1.2972343e+00
   1.1085616e+00
   9.2182056e-01
   7.3817452e-01
   5.5877371e-01
   3.8473674e-01
   2.1713221e-01
   5.6960748e-02
  -9.4862137e-02
  -2.3752192e-01
  -3.7031940e-01
  -4.9268318e-01
  -6.0417997e-01
  -7.0452246e-01
  -7.9357462e-01
  -8.7135438e-01
  -9.3803339e-01
  -9.9393411e-01
  -1.0395241e+00
  -1.0754078e+00
  -1.1023155e+00
  -1.1210908e+00
  -1.1326752e+00
  -1.1380912e+00
  -1.1384246e+00
  -1.1348047e+00
  -1.1283848e+00
  -1.1203209e+00
  -1.1117518e+00
  -1.1037787e+00
  -1.0974454e+00
  -1.0937196e+00
  -1.0934756e+00
  -1.0974784e+00
  -1.1063697e+00
  -1.1206558e+00
  -1.1406984e+00
  -1.1667069e+00
  -1.1987340e+00
  -1.2366741e+00
  -1.2802639e+00
  -1.3290857e+00
  -1.3825742e+00
  -1.4400243e+00
  -1.5006030e+00
  -1.5633622e+00
  -1.6272538e+00
  -1.6911468e+00
  -1.7538455e+00
  -1.8141088e+00
  -1.8706708e+00
  -1.9222610e+00
  -1.9676259e+00
  -2.0055492e+00
  -2.0348729e+00
  -2.0545163e+00
  -2.0634953e+00
  -2.0609396e+00
  -2.0461084e+00
  -2.0184047e+00
  -1.9773875e+00
  -1.9227813e+00
  -1.8544843e+00
  -1.7725732e+00
  -1.6773058e+00
  -1.5691211e+00
  -1.4486364e+00
  -1.3166425e+00
  -1.1740951e+00
  -1.0221051e+00
  -8.6192534e-01
  -6.9493573e-01
  -5.2262627e-01
  -3.4657808e-01
  -1.6844294e-01
   1.0078354e-02
   1.8725873e-01
   3.6136811e-01
   5.3069701e-01
   6.9357998e-01
   8.4841868e-01
   9.9370402e-01
   1.1280372e+00
   1.2501491e+00
   1.3589179e+00
   1.4533845e+00
   1.5327654e+00
   1.5964631e+00
   1.6440737e+00
   1.6753910e+00
   1.6904086e+00
   1.6893179e+00
   1.6725041e+00
   1.6405383e+00
   1.5941677e+00
   1.5343031e+00
   1.4620041e+00
   1.3784619e+00
   1.2849814e+00
   1.1829609e+00
   1.0738716e+00
   9.5923635e-01
   8.4060735e-01
   7.1954494e-01
   5.9759597e-01
   4.7627311e-01
   3.5703496e-01
   2.4126744e-01
   1.3026653e-01
   2.5222558e-02
  -7.2793600e-02
  -1.6284250e-01
  -2.4412603e-01
  -3.1599515e-01
  -3.7795554e-01
  -4.2967092e-01
  -4.7096423e-01
  -5.0181666e-01
  -5.2236448e-01
  -5.3289392e-01
  -5.3383404e-01
  -5.2574787e-01
  -5.0932185e-01
  -4.8535376e-01
  -4.5473934e-01
  -4.1845771e-01
  -3.7755580e-01
  -3.3313198e-01
  -2.8631898e-01
