  -2.7783361e-06
   1.0647131e-05
   2.3986001e-05
   3.7120235e-05
   4.9933732e-05
   6.2313982e-05
   7.4153651e-05
   8.5352070e-05
   9.5816611e-05
   1.0546393e-04
   1.1422108e-04
   1.2202642e-04
   1.2883041e-04
   1.3459618e-04
   1.3929992e-04
   1.4293108e-04
   1.4549237e-04
   1.4699956e-04
   1.4748109e-04
   1.4697751e-04
   1.4554074e-04
   1.4323312e-04
   1.4012640e-04
   1.3630056e-04
   1.3184248e-04
   1.2684460e-04
   1.2140348e-04
   1.1561832e-04
   1.0958945e-04
   1.0341687e-04
   9.7198813e-05
   9.1030325e-05
   8.5001971e-05
   7.9198611e-05
   7.3698297e-05
   6.8571301e-05
   6.3879281e-05
   5.9674601e-05
   5.5999810e-05
   5.2887282e-05
   5.0359029e-05
   4.8426665e-05
   4.7091542e-05
   4.6345033e-05
   4.6168961e-05
   4.6536157e-05
   4.7411144e-05
   4.8750916e-05
   5.0505810e-05
   5.2620439e-05
   5.5034681e-05
   5.7684691e-05
   6.0503927e-05
   6.3424170e-05
   6.6376515e-05
   6.9292324e-05
   7.2104125e-05
   7.4746452e-05
   7.7156602e-05
   7.9275319e-05
   8.1047398e-05
   8.2422199e-05
   8.3354077e-05
   8.3802731e-05
   8.3733467e-05
   8.3117385e-05
   8.1931493e-05
   8.0158741e-05
   7.7787994e-05
   7.4813940e-05
   7.1236930e-05
   6.7062771e-05
   6.2302456e-05
   5.6971851e-05
   5.1091338e-05
   4.4685423e-05
   3.7782305e-05
   3.0413433e-05
   2.2613037e-05
   1.4417661e-05
   5.8656901e-06
  -3.0031086e-06
  -1.2148026e-05
  -2.1527824e-05
  -3.1101110e-05
  -4.0826667e-05
  -5.0663729e-05
  -6.0572202e-05
  -7.0512818e-05
  -8.0447221e-05
  -9.0337991e-05
  -1.0014860e-04
  -1.0984331e-04
  -1.1938702e-04
  -1.2874504e-04
  -1.3788291e-04
  -1.4676605e-04
  -1.5535959e-04
  -1.6362800e-04
  -1.7153491e-04
  -1.7904285e-04
  -1.8611304e-04
  -1.9270532e-04
  -1.9877803e-04
  -2.0428807e-04
  -2.0919095e-04
  -2.1344102e-04
  -2.1699169e-04
  -2.1979589e-04
  -2.2180646e-04
  -2.2297675e-04
  -2.2326123e-04
  -2.2261624e-04
  -2.2100076e-04
  -2.1837720e-04
  -2.1471233e-04
  -2.0997811e-04
  -2.0415262e-04
  -1.9722091e-04
  -1.8917584e-04
  -1.8001888e-04
  -1.6976083e-04
  -1.5842242e-04
  -1.4603485e-04
  -1.3264018e-04
  -1.1829162e-04
  -1.0305358e-04
  -8.7001706e-05
  -7.0222642e-05
  -5.2813663e-05
  -3.4882139e-05
  -1.6544820e-05
   2.0730470e-06
   2.0838774e-05
   3.9613447e-05
   5.8253291e-05
   7.6611188e-05
   9.4538307e-05
   1.1188584e-04
   1.2850685e-04
   1.4425808e-04
   1.5900196e-04
   1.7260840e-04
   1.8495670e-04
   1.9593732e-04
   2.0545352e-04
   2.1342292e-04
   2.1977877e-04
   2.2447115e-04
   2.2746782e-04
   2.2875486e-04
   2.2833706e-04
   2.2623801e-04
   2.2249989e-04
   2.1718309e-04
   2.1036539e-04
   2.0214108e-04
   1.9261972e-04
   1.8192470e-04
   1.7019171e-04
   1.5756691e-04
   1.4420510e-04
   1.3026770e-04
   1.1592069e-04
   1.0133251e-04
   8.6671962e-05
   7.2106078e-05
   5.7798093e-05
   4.3905455e-05
   3.0577930e-05
   1.7955835e-05
   6.1683983e-06
  -4.6677292e-06
  -1.4449788e-05
  -2.3090054e-05
  -3.0516784e-05
  -3.6674982e-05
  -4.1526947e-05
  -4.5052633e-05
  -4.7249795e-05
  -4.8133939e-05
  -4.7738061e-05
  -4.6112195e-05
  -4.3322759e-05
  -3.9451715e-05
  -3.4595555e-05
  -2.8864105e-05
  -2.2379182e-05
  -1.5273100e-05
  -7.6870581e-06
   2.3059412e-07
   8.3261739e-06
   1.6442559e-05
   2.4421132e-05
   3.2103760e-05
   3.9334777e-05
   4.5962965e-05
   5.1843492e-05
   5.6839812e-05
   6.0825477e-05
   6.3685877e-05
   6.5319857e-05
   6.5641222e-05
   6.4580094e-05
   6.2084121e-05
   5.8119512e-05
   5.2671891e-05
   4.5746960e-05
   3.7370952e-05
   2.7590875e-05
   1.6474520e-05
   4.1102423e-06
  -9.3935120e-06
  -2.3908930e-05
  -3.9289818e-05
  -5.5372855e-05
  -7.1979108e-05
  -8.8915814e-05
  -1.0597840e-04
  -1.2295278e-04
  -1.3961780e-04
  -1.5574795e-04
  -1.7111621e-04
  -1.8549701e-04
  -1.9866935e-04
  -2.1041985e-04
  -2.2054595e-04
  -2.2885895e-04
  -2.3518703e-04
  -2.3937807e-04
  -2.4130232e-04
  -2.4085479e-04
  -2.3795734e-04
  -2.3256048e-04
  -2.2464471e-04
  -2.1422156e-04
  -2.0133409e-04
  -1.8605702e-04
  -1.6849638e-04
  -1.4878871e-04
  -1.2709980e-04
  -1.0362306e-04
  -7.8577351e-05
  -5.2204585e-05
  -2.4766866e-05
   3.4566293e-06
   3.2173056e-05
   6.1079517e-05
   8.9866855e-05
   1.1822355e-04
   1.4583967e-04
   1.7241086e-04
   1.9764220e-04
   2.2125203e-04
   2.4297556e-04
   2.6256825e-04
   2.7980898e-04
   2.9450280e-04
   3.0648345e-04
   3.1561538e-04
   3.2179545e-04
   3.2495412e-04
   3.2505624e-04
   3.2210135e-04
   3.1612358e-04
   3.0719103e-04
   2.9540474e-04
   2.8089727e-04
   2.6383084e-04
   2.4439513e-04
   2.2280472e-04
   1.9929624e-04
   1.7412529e-04
   1.4756315e-04
   1.1989328e-04
   9.1407758e-05
   6.2403683e-05
   3.3179509e-05
   4.0314701e-06
  -2.4749920e-05
  -5.2883226e-05
  -8.0099277e-05
  -1.0614413e-04
  -1.3078180e-04
  -1.5379667e-04
  -1.7499565e-04
  -1.9421000e-04
  -2.1129675e-04
  -2.2613985e-04
  -2.3865092e-04
  -2.4876960e-04
  -2.5646360e-04
  -2.6172835e-04
  -2.6458632e-04
  -2.6508599e-04
  -2.6330057e-04
  -2.5932637e-04
  -2.5328098e-04
  -2.4530126e-04
  -2.3554103e-04
  -2.2416877e-04
  -2.1136512e-04
  -1.9732032e-04
  -1.8223166e-04
  -1.6630090e-04
  -1.4973168e-04
  -1.3272709e-04
  -1.1548722e-04
  -9.8206877e-05
  -8.1073474e-05
  -6.4264975e-05
  -4.7948101e-05
  -3.2276683e-05
  -1.7390232e-05
  -3.4127153e-06
   9.5484387e-06
   2.1403108e-05
   3.2079013e-05
   4.1522011e-05
   4.9696164e-05
   5.6583564e-05
   6.2183944e-05
   6.6514065e-05
   6.9606897e-05
   7.1510613e-05
   7.2287410e-05
   7.2012165e-05
   7.0770970e-05
   6.8659543e-05
   6.5781557e-05
   6.2246905e-05
   5.8169920e-05
   5.3667590e-05
   4.8857779e-05
   4.3857492e-05
   3.8781190e-05
   3.3739202e-05
   2.8836236e-05
   2.4170014e-05
   1.9830049e-05
   1.5896578e-05
   1.2439662e-05
   9.5184585e-06
   7.1806777e-06
   5.4622200e-06
   4.3869989e-06
   3.9669440e-06
   4.2021811e-06
   5.0813793e-06
   6.5822569e-06
   8.6722336e-06
   1.1309215e-05
   1.4442496e-05
   1.8013763e-05
   2.1958190e-05
   2.6205595e-05
   3.0681654e-05
   3.5309153e-05
   4.0009260e-05
   4.4702800e-05
   4.9311525e-05
   5.3759347e-05
   5.7973548e-05
   6.1885913e-05
   6.5433809e-05
   6.8561168e-05
   7.1219375e-05
   7.3368045e-05
   7.4975673e-05
   7.6020152e-05
   7.6489141e-05
   7.6380292e-05
   7.5701302e-05
   7.4469820e-05
   7.2713178e-05
   7.0467973e-05
   6.7779482e-05
   6.4700936e-05
   6.1292659e-05
   5.7621077e-05
   5.3757622e-05
   4.9777548e-05
   4.5758667e-05
   4.1780039e-05
   3.7920626e-05
   3.4257937e-05
   3.0866686e-05
   2.7817471e-05
   2.5175518e-05
   2.2999489e-05
   2.1340383e-05
   2.0240544e-05
   1.9732798e-05
   1.9839723e-05
   2.0573076e-05
   2.1933380e-05
   2.3909678e-05
   2.6479472e-05
   2.9608836e-05
   3.3252716e-05
   3.7355416e-05
   4.1851252e-05
   4.6665397e-05
   5.1714877e-05
   5.6909727e-05
   6.2154285e-05
   6.7348611e-05
   7.2390006e-05
   7.7174615e-05
   8.1599087e-05
   8.5562260e-05
   8.8966858e-05
   9.1721147e-05
   9.3740538e-05
   9.4949098e-05
   9.5280932e-05
   9.4681414e-05
   9.3108235e-05
   9.0532233e-05
   8.6938002e-05
   8.2324238e-05
   7.6703823e-05
   7.0103642e-05
   6.2564114e-05
   5.4138459e-05
   4.4891701e-05
   3.4899430e-05
   2.4246342e-05
   1.3024585e-05
   1.3319562e-06
  -1.0730022e-05
  -2.3058101e-05
  -3.5549332e-05
  -4.8103072e-05
  -6.0622932e-05
  -7.3018607e-05
  -8.5207560e-05
  -9.7116504e-05
  -1.0868266e-04
  -1.1985476e-04
  -1.3059373e-04
  -1.4087312e-04
  -1.5067915e-04
  -1.6001051e-04
  -1.6887775e-04
  -1.7730246e-04
  -1.8531606e-04
  -1.9295835e-04
  -2.0027588e-04
  -2.0732000e-04
  -2.1414483e-04
  -2.2080512e-04
  -2.2735393e-04
  -2.3384040e-04
  -2.4030752e-04
  -2.4678994e-04
  -2.5331192e-04
  -2.5988553e-04
  -2.6650897e-04
  -2.7316521e-04
  -2.7982093e-04
  -2.8642577e-04
  -2.9291198e-04
  -2.9919434e-04
  -3.0517063e-04
  -3.1072233e-04
  -3.1571581e-04
  -3.2000386e-04
  -3.2342763e-04
  -3.2581882e-04
  -3.2700235e-04
  -3.2679914e-04
  -3.2502925e-04
  -3.2151521e-04
  -3.1608541e-04
  -3.0857771e-04
  -2.9884297e-04
  -2.8674859e-04
  -2.7218195e-04
  -2.5505365e-04
  -2.3530058e-04
  -2.1288865e-04
  -1.8781518e-04
  -1.6011089e-04
  -1.2984145e-04
  -9.7108569e-05
  -6.2050477e-05
  -2.4841958e-05
   1.4306254e-05
   5.5148641e-05
   9.7406659e-05
   1.4077108e-04
   1.8490488e-04
   2.2944673e-04
   2.7401493e-04
   3.1821181e-04
   3.6162860e-04
   4.0385059e-04
   4.4446256e-04
   4.8305447e-04
   5.1922714e-04
   5.5259805e-04
   5.8280702e-04
   6.0952167e-04
   6.3244267e-04
   6.5130851e-04
   6.6589989e-04
   6.7604350e-04
   6.8161517e-04
   6.8254227e-04
   6.7880543e-04
   6.7043933e-04
   6.5753277e-04
   6.4022783e-04
   6.1871816e-04
   5.9324646e-04
   5.6410123e-04
   5.3161267e-04
   4.9614794e-04
   4.5810582e-04
   4.1791082e-04
   3.7600691e-04
   3.3285088e-04
   2.8890560e-04
   2.4463313e-04
   2.0048794e-04
   1.5691033e-04
   1.1432014e-04
   7.3110857e-05
   3.3644322e-05
  -3.7540157e-06
  -3.8799123e-05
  -7.1249656e-05
  -1.0091044e-04
  -1.2763410e-04
  -1.5132191e-04
  -1.7192372e-04
  -1.8943717e-04
  -2.0390605e-04
  -2.1541799e-04
  -2.2410145e-04
  -2.3012214e-04
  -2.3367887e-04
  -2.3499908e-04
  -2.3433385e-04
  -2.3195283e-04
  -2.2813888e-04
  -2.2318269e-04
  -2.1737746e-04
  -2.1101357e-04
  -2.0437359e-04
  -1.9772748e-04
  -1.9132818e-04
  -1.8540759e-04
  -1.8017310e-04
  -1.7580456e-04
  -1.7245188e-04
  -1.7023324e-04
  -1.6923388e-04
  -1.6950553e-04
  -1.7106647e-04
  -1.7390217e-04
  -1.7796653e-04
  -1.8318362e-04
  -1.8944998e-04
  -1.9663730e-04
  -2.0459552e-04
  -2.1315621e-04
  -2.2213625e-04
  -2.3134163e-04
  -2.4057139e-04
  -2.4962159e-04
  -2.5828922e-04
  -2.6637605e-04
  -2.7369223e-04
  -2.8005975e-04
  -2.8531555e-04
  -2.8931434e-04
  -2.9193102e-04
  -2.9306272e-04
  -2.9263044e-04
  -2.9058019e-04
  -2.8688379e-04
  -2.8153909e-04
  -2.7456994e-04
  -2.6602556e-04
  -2.5597968e-04
  -2.4452918e-04
  -2.3179247e-04
  -2.1790756e-04
  -2.0302983e-04
  -1.8732953e-04
  -1.7098922e-04
  -1.5420091e-04
  -1.3716317e-04
  -1.2007813e-04
  -1.0314848e-04
  -8.6574465e-05
  -7.0550897e-05
  -5.5264266e-05
  -4.0889950e-05
  -2.7589560e-05
  -1.5508450e-05
  -4.7734100e-06
   4.5094180e-06
   1.2256402e-05
   1.8408019e-05
   2.2930188e-05
   2.5815317e-05
   2.7083042e-05
   2.6780658e-05
   2.4983223e-05
   2.1793317e-05
   1.7340462e-05
   1.1780173e-05
   5.2926598e-06
  -1.9188562e-06
  -9.6301836e-06
  -1.7598575e-05
  -2.5565500e-05
  -3.3259763e-05
  -4.0400956e-05
  -4.6703212e-05
  -5.1879232e-05
  -5.5644553e-05
  -5.7722005e-05
  -5.7846314e-05
  -5.5768787e-05
  -5.1262013e-05
  -4.4124525e-05
  -3.4185331e-05
  -2.1308247e-05
  -5.3959457e-06
   1.3606352e-05
   3.5707637e-05
   6.0868394e-05
   8.8998487e-05
   1.1995571e-04
   1.5354509e-04
   1.8951894e-04
   2.2757781e-04
   2.6737227e-04
   3.0850557e-04
   3.5053722e-04
   3.9298745e-04
   4.3534257e-04
   4.7706110e-04
   5.1758068e-04
   5.5632575e-04
   5.9271571e-04
   6.2617365e-04
   6.5613547e-04
   6.8205912e-04
   7.0343401e-04
   7.1979031e-04
   7.3070795e-04
   7.3582526e-04
   7.3484692e-04
   7.2755123e-04
   7.1379635e-04
   6.9352548e-04
   6.6677084e-04
   6.3365618e-04
   5.9439789e-04
   5.4930460e-04
   4.9877508e-04
   4.4329464e-04
   3.8342983e-04
   3.1982167e-04
   2.5317732e-04
   1.8426041e-04
   1.1388011e-04
   4.2879065e-05
  -2.7879519e-05
  -9.7525516e-05
  -1.6519598e-04
  -2.3004945e-04
  -2.9128020e-04
  -3.4813213e-04
  -3.9991203e-04
  -4.4600198e-04
  -4.8587048e-04
  -5.1908228e-04
  -5.4530640e-04
  -5.6432250e-04
  -5.7602507e-04
  -5.8042571e-04
  -5.7765311e-04
  -5.6795096e-04
  -5.5167371e-04
  -5.2928025e-04
  -5.0132572e-04
  -4.6845155e-04
  -4.3137395e-04
  -3.9087106e-04
  -3.4776900e-04
  -3.0292720e-04
  -2.5722306e-04
  -2.1153645e-04
  -1.6673421e-04
  -1.2365493e-04
  -8.3094346e-05
  -4.5791562e-05
  -1.2416344e-05
   1.6442259e-05
   4.0285798e-05
   5.8714623e-05
   7.1434272e-05
   7.8259937e-05
   7.9118927e-05
   7.4051103e-05
   6.3207282e-05
   4.6845642e-05
   2.5326204e-05
  -8.9649340e-07
  -3.1282392e-05
  -6.5216415e-05
  -1.0202026e-04
  -1.4096526e-04
  -1.8128613e-04
  -2.2219518e-04
  -2.6289701e-04
  -3.0260308e-04
  -3.4054620e-04
  -3.7599443e-04
  -4.0826433e-04
  -4.3673323e-04
  -4.6085022e-04
  -4.8014588e-04
  -4.9424038e-04
  -5.0284985e-04
  -5.0579103e-04
  -5.0298384e-04
  -4.9445218e-04
  -4.8032259e-04
  -4.6082102e-04
  -4.3626767e-04
  -4.0707005e-04
  -3.7371428e-04
  -3.3675497e-04
  -2.9680367e-04
  -2.5451626e-04
  -2.1057953e-04
  -1.6569711e-04
  -1.2057509e-04
  -7.5907712e-05
  -3.2363272e-05
   9.4293445e-06
   4.8893249e-05
   8.5514974e-05
   1.1885449e-04
   1.4855358e-04
   1.7434243e-04
   1.9604417e-04
   2.1357751e-04
   2.2695712e-04
   2.3629199e-04
   2.4178170e-04
   2.4371073e-04
   2.4244096e-04
   2.3840245e-04
   2.3208286e-04
   2.2401564e-04
   2.1476726e-04
   2.0492384e-04
   1.9507743e-04
   1.8581225e-04
   1.7769119e-04
   1.7124295e-04
   1.6694992e-04
   1.6523730e-04
   1.6646340e-04
   1.7091158e-04
   1.7878377e-04
   1.9019573e-04
   2.0517428e-04
   2.2365626e-04
   2.4548938e-04
   2.7043500e-04
   2.9817246e-04
   3.2830520e-04
   3.6036825e-04
   3.9383708e-04
   4.2813757e-04
   4.6265684e-04
   4.9675489e-04
   5.2977657e-04
   5.6106396e-04
   5.8996861e-04
   6.1586365e-04
   6.3815541e-04
   6.5629446e-04
   6.6978569e-04
   6.7819739e-04
   6.8116917e-04
   6.7841846e-04
   6.6974560e-04
   6.5503740e-04
   6.3426910e-04
   6.0750480e-04
   5.7489624e-04
   5.3668012e-04
   4.9317394e-04
   4.4477059e-04
   3.9193158e-04
   3.3517933e-04
   2.7508855e-04
   2.1227683e-04
   1.4739476e-04
   8.1115670e-05
   1.4125209e-05
  -5.2889065e-05
  -1.1924791e-04
  -1.8429027e-04
  -2.4738266e-04
  -3.0792788e-04
  -3.6537294e-04
  -4.1921614e-04
  -4.6901302e-04
  -5.1438136e-04
  -5.5500485e-04
  -5.9063561e-04
  -6.2109549e-04
  -6.4627603e-04
  -6.6613733e-04
  -6.8070568e-04
  -6.9007017e-04
  -6.9437836e-04
  -6.9383114e-04
  -6.8867691e-04
  -6.7920519e-04
  -6.6573998e-04
  -6.4863278e-04
  -6.2825567e-04
  -6.0499436e-04
  -5.7924150e-04
  -5.5139028e-04
  -5.2182849e-04
  -4.9093298e-04
  -4.5906479e-04
  -4.2656486e-04
  -3.9375038e-04
  -3.6091195e-04
  -3.2831129e-04
  -2.9617976e-04
  -2.6471756e-04
  -2.3409355e-04
  -2.0444567e-04
  -1.7588201e-04
  -1.4848232e-04
  -1.2229995e-04
  -9.7364172e-05
  -7.3682816e-05
  -5.1245044e-05
  -3.0024297e-05
  -9.9812712e-06
   8.9331234e-06
   2.6774892e-05
   4.3604219e-05
   5.9482921e-05
   7.4472117e-05
   8.8630153e-05
   1.0201080e-04
   1.1466172e-04
   1.2662328e-04
   1.3792760e-04
   1.4859795e-04
   1.5864843e-04
   1.6808391e-04
   1.7690028e-04
   1.8508491e-04
   1.9261732e-04
   1.9947013e-04
   2.0561004e-04
   2.1099910e-04
   2.1559594e-04
   2.1935720e-04
   2.2223891e-04
   2.2419796e-04
   2.2519348e-04
   2.2518827e-04
   2.2415010e-04
   2.2205298e-04
   2.1887827e-04
   2.1461575e-04
   2.0926448e-04
   2.0283359e-04
   1.9534283e-04
   1.8682305e-04
   1.7731642e-04
   1.6687657e-04
   1.5556847e-04
   1.4346820e-04
   1.3066252e-04
   1.1724829e-04
   1.0333169e-04
   8.9027333e-05
   7.4457216e-05
   5.9749506e-05
   4.5037240e-05
   3.0456910e-05
   1.6146948e-05
   2.2461392e-06
  -1.1108015e-05
  -2.3780989e-05
  -3.5642938e-05
  -4.6570419e-05
  -5.6448091e-05
  -6.5170389e-05
  -7.2643144e-05
  -7.8785113e-05
  -8.3529417e-05
  -8.6824823e-05
  -8.8636873e-05
  -8.8948812e-05
  -8.7762292e-05
  -8.5097836e-05
  -8.0995026e-05
  -7.5512415e-05
  -6.8727139e-05
  -6.0734230e-05
  -5.1645629e-05
  -4.1588907e-05
  -3.0705703e-05
  -1.9149907e-05
  -7.0856048e-06
   5.3151940e-06
   1.7874994e-05
   3.0413399e-05
   4.2749805e-05
   5.4706147e-05
   6.6109670e-05
   7.6795673e-05
   8.6610183e-05
   9.5412500e-05
   1.0307758e-04
   1.0949821e-04
   1.1458691e-04
   1.1827751e-04
   1.2052647e-04
   1.2131372e-04
   1.2064318e-04
   1.1854280e-04
   1.1506422e-04
   1.1028194e-04
   1.0429216e-04
   9.7211065e-05
   8.9172903e-05
   8.0327599e-05
   7.0838140e-05
   6.0877699e-05
   5.0626576e-05
   4.0269012e-05
   2.9989931e-05
   1.9971688e-05
   1.0390852e-05
   1.4151221e-06
  -6.7996060e-06
  -1.4111936e-05
  -2.0397404e-05
  -2.5550595e-05
  -2.9486901e-05
  -3.2143905e-05
  -3.3482353e-05
  -3.3486708e-05
  -3.2165286e-05
  -2.9549967e-05
  -2.5695511e-05
  -2.0678487e-05
  -1.4595855e-05
  -7.5632276e-06
   2.8714104e-07
   8.8085965e-06
   1.7842518e-05
   2.7220897e-05
   3.6769007e-05
   4.6308141e-05
   5.5658352e-05
   6.4641169e-05
   7.3082241e-05
   8.0813877e-05
   8.7677441e-05
   9.3525567e-05
   9.8224172e-05
   1.0165423e-04
   1.0371331e-04
   1.0431678e-04
   1.0339885e-04
   1.0091315e-04
   9.6833219e-05
   9.1152525e-05
   8.3884339e-05
   7.5061279e-05
   6.4734642e-05
   5.2973497e-05
   3.9863589e-05
   2.5506060e-05
   1.0016029e-05
  -6.4789645e-06
  -2.3840604e-05
  -4.1921523e-05
  -6.0567084e-05
  -7.9617177e-05
  -9.8908035e-05
  -1.1827403e-04
  -1.3754945e-04
  -1.5657017e-04
  -1.7517534e-04
  -1.9320895e-04
  -2.1052124e-04
  -2.2697009e-04
  -2.4242223e-04
  -2.5675433e-04
  -2.6985396e-04
  -2.8162035e-04
  -2.9196510e-04
  -3.0081257e-04
  -3.0810031e-04
  -3.1377918e-04
  -3.1781339e-04
  -3.2018044e-04
  -3.2087079e-04
  -3.1988760e-04
  -3.1724617e-04
  -3.1297341e-04
  -3.0710717e-04
  -2.9969549e-04
  -2.9079579e-04
  -2.8047401e-04
  -2.6880375e-04
  -2.5586534e-04
  -2.4174491e-04
  -2.2653346e-04
  -2.1032598e-04
  -1.9322058e-04
  -1.7531758e-04
  -1.5671879e-04
  -1.3752668e-04
  -1.1784375e-04
  -9.7771852e-05
  -7.7411637e-05
  -5.6862035e-05
  -3.6219808e-05
  -1.5579157e-05
   4.9686003e-06
   2.5335310e-05
   4.5436196e-05
   6.5190030e-05
   8.4519241e-05
   1.0334999e-04
   1.2161221e-04
   1.3923955e-04
   1.5616939e-04
   1.7234273e-04
   1.8770413e-04
   2.0220157e-04
   2.1578645e-04
   2.2841340e-04
   2.4004031e-04
   2.5062827e-04
   2.6014162e-04
   2.6854798e-04
   2.7581841e-04
   2.8192760e-04
   2.8685409e-04
   2.9058062e-04
   2.9309446e-04
   2.9438784e-04
   2.9445840e-04
   2.9330966e-04
   2.9095153e-04
   2.8740081e-04
   2.8268162e-04
   2.7682591e-04
   2.6987379e-04
   2.6187389e-04
   2.5288354e-04
   2.4296893e-04
   2.3220504e-04
   2.2067552e-04
   2.0847235e-04
   1.9569536e-04
   1.8245161e-04
   1.6885452e-04
   1.5502291e-04
   1.4107987e-04
   1.2715147e-04
   1.1336534e-04
   9.9849151e-05
   8.6729039e-05
   7.4127913e-05
   6.2163774e-05
   5.0948017e-05
   4.0583750e-05
   3.1164184e-05
   2.2771089e-05
   1.5473378e-05
   9.3258256e-06
   4.3679555e-06
   6.2312436e-07
  -1.9021841e-06
  -3.2188288e-06
  -3.3552329e-06
  -2.3573457e-06
  -2.8833692e-07
   2.7719783e-06
   6.7279819e-06
   1.1469355e-05
   1.6872426e-05
   2.2801753e-05
   2.9111910e-05
   3.5649460e-05
   4.2255081e-05
   4.8765816e-05
   5.5017404e-05
   6.0846668e-05
   6.6093911e-05
   7.0605281e-05
   7.4235071e-05
   7.6847911e-05
   7.8320820e-05
   7.8545070e-05
   7.7427851e-05
   7.4893681e-05
   7.0885572e-05
   6.5365897e-05
   5.8316974e-05
   4.9741343e-05
   3.9661736e-05
   2.8120753e-05
   1.5180233e-05
   9.2034943e-07
  -1.4561562e-05
  -3.1152424e-05
  -4.8725065e-05
  -6.7140053e-05
  -8.6247709e-05
  -1.0589025e-04
  -1.2590402e-04
  -1.4612182e-04
  -1.6637523e-04
  -1.8649689e-04
  -2.0632282e-04
  -2.2569452e-04
  -2.4446101e-04
  -2.6248070e-04
  -2.7962297e-04
  -2.9576958e-04
  -3.1081578e-04
  -3.2467114e-04
  -3.3726008e-04
  -3.4852203e-04
  -3.5841137e-04
  -3.6689699e-04
  -3.7396156e-04
  -3.7960055e-04
  -3.8382102e-04
  -3.8664009e-04
  -3.8808342e-04
  -3.8818335e-04
  -3.8697715e-04
  -3.8450512e-04
  -3.8080878e-04
  -3.7592908e-04
  -3.6990484e-04
  -3.6277124e-04
  -3.5455868e-04
  -3.4529176e-04
  -3.3498868e-04
  -3.2366090e-04
  -3.1131316e-04
  -2.9794383e-04
  -2.8354563e-04
  -2.6810666e-04
  -2.5161177e-04
  -2.3404417e-04
  -2.1538731e-04
  -1.9562689e-04
  -1.7475313e-04
  -1.5276293e-04
  -1.2966225e-04
  -1.0546827e-04
  -8.0211561e-05
  -5.3938013e-05
  -2.6710587e-05
   1.3892427e-06
   3.0260361e-05
   5.9781257e-05
   8.9809680e-05
   1.2018273e-04
   1.5071741e-04
   1.8121166e-04
   2.1144589e-04
   2.4118493e-04
   2.7018056e-04
   2.9817441e-04
   3.2490132e-04
   3.5009305e-04
   3.7348239e-04
   3.9480746e-04
   4.1381632e-04
   4.3027158e-04
   4.4395521e-04
   4.5467316e-04
   4.6225994e-04
   4.6658286e-04
   4.6754606e-04
   4.6509397e-04
   4.5921427e-04
   4.4994030e-04
   4.3735267e-04
   4.2158016e-04
   4.0279977e-04
   3.8123593e-04
   3.5715885e-04
   3.3088193e-04
   3.0275831e-04
   2.7317663e-04
   2.4255598e-04
   2.1134005e-04
   1.7999077e-04
   1.4898127e-04
   1.1878853e-04
   8.9885585e-05
   6.2733676e-05
   3.7774243e-05
   1.5421085e-05
  -3.9472635e-06
  -1.9994761e-05
  -3.2434558e-05
  -4.1035033e-05
  -4.5625021e-05
  -4.6098146e-05
  -4.2416135e-05
  -3.4611029e-05
  -2.2786236e-05
  -7.1163744e-06
   1.2154128e-05
   3.4713664e-05
   6.0187299e-05
   8.8141794e-05
   1.1809173e-04
   1.4950664e-04
   1.8181907e-04
   2.1443336e-04
   2.4673509e-04
   2.7810099e-04
   3.0790907e-04
   3.3554897e-04
   3.6043208e-04
   3.8200157e-04
   3.9974182e-04
   4.1318735e-04
   4.2193090e-04
   4.2563065e-04
   4.2401632e-04
   4.1689417e-04
   4.0415067e-04
   3.8575496e-04
   3.6175984e-04
   3.3230144e-04
   2.9759749e-04
   2.5794430e-04
   2.1371241e-04
   1.6534110e-04
   1.1333169e-04
   5.8240033e-05
   6.6799784e-07
  -5.8745616e-05
  -1.1933476e-04
  -1.8041614e-04
  -2.4129948e-04
  -3.0129770e-04
  -3.5973706e-04
  -4.1596692e-04
  -4.6936909e-04
  -5.1936655e-04
  -5.6543140e-04
  -6.0709206e-04
  -6.4393940e-04
  -6.7563192e-04
  -7.0189978e-04
  -7.2254774e-04
  -7.3745684e-04
  -7.4658499e-04
  -7.4996636e-04
  -7.4770958e-04
  -7.3999494e-04
  -7.2707049e-04
  -7.0924720e-04
  -6.8689330e-04
  -6.6042779e-04
  -6.3031338e-04
  -5.9704887e-04
  -5.6116113e-04
  -5.2319684e-04
  -4.8371401e-04
  -4.4327363e-04
  -4.0243132e-04
  -3.6172926e-04
  -3.2168849e-04
  -2.8280167e-04
  -2.4552636e-04
  -2.1027905e-04
  -1.7742977e-04
  -1.4729761e-04
  -1.2014703e-04
  -9.6185012e-05
  -7.5559213e-05
  -5.8356903e-05
  -4.4604906e-05
  -3.4270392e-05
  -2.7262547e-05
  -2.3435068e-05
  -2.2589436e-05
  -2.4478902e-05
  -2.8813126e-05
  -3.5263381e-05
  -4.3468244e-05
  -5.3039680e-05
  -6.3569429e-05
  -7.4635596e-05
  -8.5809343e-05
  -9.6661588e-05
  -1.0676961e-04
  -1.1572345e-04
  -1.2313210e-04
  -1.2862923e-04
  -1.3187855e-04
  -1.3257863e-04
  -1.3046719e-04
  -1.2532468e-04
  -1.1697730e-04
  -1.0529923e-04
  -9.0214204e-05
  -7.1696297e-05
  -4.9770047e-05
  -2.4509800e-05
   3.9616128e-06
   3.5474871e-05
   6.9816786e-05
   1.0673350e-04
   1.4593421e-04
   1.8709532e-04
   2.2986502e-04
   2.7386815e-04
   3.1871131e-04
   3.6398814e-04
   4.0928464e-04
   4.5418455e-04
   4.9827459e-04
   5.4114964e-04
   5.8241759e-04
   6.2170395e-04
   6.5865619e-04
   6.9294753e-04
   7.2428039e-04
   7.5238928e-04
   7.7704323e-04
   7.9804764e-04
   8.1524556e-04
   8.2851845e-04
   8.3778638e-04
   8.4300767e-04
   8.4417812e-04
   8.4132966e-04
   8.3452865e-04
   8.2387378e-04
   8.0949366e-04
   7.9154404e-04
   7.7020497e-04
   7.4567761e-04
   7.1818106e-04
   6.8794903e-04
   6.5522660e-04
   6.2026692e-04
   5.8332805e-04
   5.4466990e-04
   5.0455134e-04
   4.6322748e-04
   4.2094720e-04
   3.7795088e-04
   3.3446833e-04
   2.9071713e-04
   2.4690101e-04
   2.0320871e-04
   1.5981295e-04
   1.1686973e-04
   7.4517836e-05
   3.2878670e-05
  -7.9437780e-06
  -4.7862656e-05
  -8.6807790e-05
  -1.2472500e-04
  -1.6157524e-04
  -1.9733350e-04
  -2.3198762e-04
  -2.6553689e-04
  -2.9799053e-04
  -3.2936608e-04
  -3.5968768e-04
  -3.8898431e-04
  -4.1728796e-04
  -4.4463185e-04
  -4.7104863e-04
  -4.9656863e-04
  -5.2121822e-04
  -5.4501828e-04
  -5.6798279e-04
  -5.9011760e-04
  -6.1141939e-04
  -6.3187484e-04
  -6.5146001e-04
  -6.7013999e-04
  -6.8786877e-04
  -7.0458936e-04
  -7.2023417e-04
  -7.3472565e-04
  -7.4797711e-04
  -7.5989380e-04
  -7.7037420e-04
  -7.7931147e-04
  -7.8659506e-04
  -7.9211252e-04
  -7.9575129e-04
  -7.9740074e-04
  -7.9695413e-04
  -7.9431068e-04
  -7.8937754e-04
  -7.8207182e-04
  -7.7232246e-04
  -7.6007203e-04
  -7.4527842e-04
  -7.2791623e-04
  -7.0797814e-04
  -6.8547591e-04
  -6.6044116e-04
  -6.3292597e-04
  -6.0300303e-04
  -5.7076566e-04
  -5.3632742e-04
  -4.9982145e-04
  -4.6139956e-04
  -4.2123095e-04
  -3.7950070e-04
  -3.3640801e-04
  -2.9216424e-04
  -2.4699065e-04
  -2.0111607e-04
  -1.5477441e-04
  -1.0820203e-04
  -6.1635161e-05
  -1.5307208e-05
   3.0553836e-05
   7.5727917e-05
   1.2000533e-04
   1.6318893e-04
   2.0509622e-04
   2.4556107e-04
   2.8443532e-04
   3.2158995e-04
   3.5691607e-04
   3.9032547e-04
   4.2175090e-04
   4.5114603e-04
   4.7848503e-04
   5.0376186e-04
   5.2698923e-04
   5.4819737e-04
   5.6743239e-04
   5.8475457e-04
   6.0023637e-04
   6.1396031e-04
   6.2601673e-04
   6.3650153e-04
   6.4551380e-04
   6.5315354e-04
   6.5951937e-04
   6.6470641e-04
   6.6880424e-04
   6.7189501e-04
   6.7405183e-04
   6.7533731e-04
   6.7580240e-04
   6.7548546e-04
   6.7441166e-04
   6.7259265e-04
   6.7002654e-04
   6.6669814e-04
   6.6257960e-04
   6.5763120e-04
   6.5180250e-04
   6.4503370e-04
   6.3725725e-04
   6.2839963e-04
   6.1838324e-04
   6.0712856e-04
   5.9455620e-04
   5.8058920e-04
   5.6515513e-04
   5.4818835e-04
   5.2963205e-04
   5.0944026e-04
   4.8757965e-04
   4.6403124e-04
   4.3879180e-04
   4.1187506e-04
   3.8331267e-04
   3.5315482e-04
   3.2147066e-04
   2.8834826e-04
   2.5389438e-04
   2.1823385e-04
   1.8150861e-04
   1.4387644e-04
   1.0550938e-04
   6.6591846e-05
   2.7318504e-05
  -1.2108162e-05
  -5.1480424e-05
  -9.0588070e-05
  -1.2922128e-04
  -1.6717354e-04
  -2.0424462e-04
  -2.4024338e-04
  -2.7499062e-04
  -3.0832161e-04
  -3.4008851e-04
  -3.7016241e-04
  -3.9843514e-04
  -4.2482064e-04
  -4.4925592e-04
  -4.7170168e-04
  -4.9214237e-04
  -5.1058581e-04
  -5.2706246e-04
  -5.4162410e-04
  -5.5434216e-04
  -5.6530570e-04
  -5.7461894e-04
  -5.8239860e-04
  -5.8877089e-04
  -5.9386844e-04
  -5.9782696e-04
  -6.0078201e-04
  -6.0286565e-04
  -6.0420327e-04
  -6.0491053e-04
  -6.0509052e-04
  -6.0483120e-04
  -6.0420322e-04
  -6.0325804e-04
  -6.0202657e-04
  -6.0051817e-04
  -5.9872026e-04
  -5.9659829e-04
  -5.9409632e-04
  -5.9113808e-04
  -5.8762847e-04
  -5.8345560e-04
  -5.7849317e-04
  -5.7260331e-04
  -5.6563969e-04
  -5.5745097e-04
  -5.4788436e-04
  -5.3678935e-04
  -5.2402155e-04
  -5.0944636e-04
  -4.9294262e-04
  -4.7440606e-04
  -4.5375249e-04
  -4.3092052e-04
  -4.0587411e-04
  -3.7860444e-04
  -3.4913137e-04
  -3.1750440e-04
  -2.8380302e-04
  -2.4813645e-04
  -2.1064293e-04
  -1.7148834e-04
  -1.3086435e-04
  -8.8986107e-05
  -4.6089389e-05
  -2.4274926e-06
   4.1732268e-05
   8.6112276e-05
   1.3042848e-04
   1.7439436e-04
   2.1772487e-04
   2.6014031e-04
   3.0137007e-04
   3.4115609e-04
   3.7925615e-04
   4.1544668e-04
   4.4952536e-04
   4.8131318e-04
   5.1065612e-04
   5.3742645e-04
   5.6152341e-04
   5.8287368e-04
   6.0143119e-04
   6.1717666e-04
   6.3011673e-04
   6.4028273e-04
   6.4772911e-04
   6.5253166e-04
   6.5478548e-04
   6.5460274e-04
   6.5211036e-04
   6.4744753e-04
   6.4076330e-04
   6.3221398e-04
   6.2196077e-04
   6.1016727e-04
   5.9699722e-04
   5.8261226e-04
   5.6716989e-04
   5.5082153e-04
   5.3371083e-04
   5.1597208e-04
   4.9772890e-04
   4.7909307e-04
   4.6016363e-04
   4.4102618e-04
   4.2175239e-04
   4.0239980e-04
   3.8301177e-04
   3.6361778e-04
   3.4423382e-04
   3.2486313e-04
   3.0549711e-04
   2.8611643e-04
   2.6669240e-04
   2.4718843e-04
   2.2756178e-04
   2.0776530e-04
   1.8774948e-04
   1.6746439e-04
   1.4686178e-04
   1.2589719e-04
   1.0453196e-04
   8.2735254e-05
   6.0485916e-05
   3.7774150e-05
   1.4603039e-05
  -9.0102137e-06
  -3.3033320e-05
  -5.7418265e-05
  -8.2101008e-05
  -1.0700156e-04
  -1.3202441e-04
  -1.5705940e-04
  -1.8198289e-04
  -2.0665932e-04
  -2.3094316e-04
  -2.5468106e-04
  -2.7771433e-04
  -2.9988162e-04
  -3.2102180e-04
  -3.4097685e-04
  -3.5959490e-04
  -3.7673317e-04
  -3.9226085e-04
  -4.0606184e-04
  -4.1803726e-04
  -4.2810762e-04
  -4.3621476e-04
  -4.4232328e-04
  -4.4642165e-04
  -4.4852272e-04
  -4.4866388e-04
  -4.4690658e-04
  -4.4333541e-04
  -4.3805669e-04
  -4.3119654e-04
  -4.2289852e-04
  -4.1332087e-04
  -4.0263344e-04
  -3.9101426e-04
  -3.7864598e-04
  -3.6571210e-04
  -3.5239324e-04
  -3.3886335e-04
  -3.2528612e-04
  -3.1181154e-04
  -2.9857279e-04
  -2.8568349e-04
  -2.7323538e-04
  -2.6129647e-04
  -2.4990983e-04
  -2.3909288e-04
  -2.2883732e-04
  -2.1910971e-04
  -2.0985270e-04
  -2.0098676e-04
  -1.9241266e-04
  -1.8401430e-04
  -1.7566216e-04
  -1.6721707e-04
  -1.5853429e-04
  -1.4946788e-04
  -1.3987512e-04
  -1.2962098e-04
  -1.1858247e-04
  -1.0665287e-04
  -9.3745565e-05
  -7.9797519e-05
  -6.4772280e-05
  -4.8662390e-05
  -3.1491162e-05
  -1.3313771e-05
   5.7823995e-06
   2.5678164e-05
   4.6223715e-05
   6.7240574e-05
   8.8524273e-05
   1.0984775e-04
   1.3096538e-04
   1.5161762e-04
   1.7153605e-04
   1.9044896e-04
   2.0808707e-04
   2.2418952e-04
   2.3850988e-04
   2.5082200e-04
   2.6092578e-04
   2.6865249e-04
   2.7386960e-04
   2.7648511e-04
   2.7645111e-04
   2.7376651e-04
   2.6847893e-04
   2.6068558e-04
   2.5053318e-04
   2.3821672e-04
   2.2397727e-04
   2.0809866e-04
   1.9090316e-04
   1.7274615e-04
   1.5400997e-04
   1.3509694e-04
   1.1642173e-04
   9.8403217e-05
   8.1456042e-05
   6.5981922e-05
   5.2361035e-05
   4.0943602e-05
   3.2041860e-05
   2.5922642e-05
   2.2800720e-05
   2.2833096e-05
   2.6114385e-05
   3.2673418e-05
   4.2471170e-05
   5.5400094e-05
   7.1284885e-05
   8.9884704e-05
   1.1089681e-04
   1.3396156e-04
   1.5866864e-04
   1.8456449e-04
   2.1116065e-04
   2.3794294e-04
   2.6438124e-04
   2.8993972e-04
   3.1408725e-04
   3.3630773e-04
   3.5611023e-04
   3.7303870e-04
   3.8668095e-04
   3.9667684e-04
   4.0272541e-04
   4.0459090e-04
   4.0210741e-04
   3.9518228e-04
   3.8379791e-04
   3.6801219e-04
   3.4795737e-04
   3.2383755e-04
   2.9592467e-04
   2.6455325e-04
   2.3011392e-04
   1.9304586e-04
   1.5382836e-04
   1.1297167e-04
   7.1007308e-05
   2.8478036e-05
  -1.4072256e-05
  -5.6108602e-05
  -9.7114698e-05
  -1.3660216e-04
  -1.7411909e-04
  -2.0925786e-04
  -2.4166182e-04
  -2.7103094e-04
  -2.9712632e-04
  -3.1977323e-04
  -3.3886304e-04
  -3.5435366e-04
  -3.6626870e-04
  -3.7469535e-04
  -3.7978102e-04
  -3.8172886e-04
  -3.8079225e-04
  -3.7726843e-04
  -3.7149131e-04
  -3.6382386e-04
  -3.5464989e-04
  -3.4436579e-04
  -3.3337210e-04
  -3.2206521e-04
  -3.1082933e-04
  -3.0002895e-04
  -2.9000174e-04
  -2.8105226e-04
  -2.7344639e-04
  -2.6740665e-04
  -2.6310844e-04
  -2.6067734e-04
  -2.6018729e-04
  -2.6165992e-04
  -2.6506477e-04
  -2.7032049e-04
  -2.7729696e-04
  -2.8581825e-04
  -2.9566624e-04
  -3.0658503e-04
  -3.1828581e-04
  -3.3045219e-04
  -3.4274592e-04
  -3.5481279e-04
  -3.6628863e-04
  -3.7680537e-04
  -3.8599699e-04
  -3.9350523e-04
  -3.9898510e-04
  -4.0210994e-04
  -4.0257614e-04
  -4.0010728e-04
  -3.9445785e-04
  -3.8541625e-04
  -3.7280740e-04
  -3.5649458e-04
  -3.3638081e-04
  -3.1240964e-04
  -2.8456540e-04
  -2.5287299e-04
  -2.1739724e-04
  -1.7824189e-04
  -1.3554825e-04
  -8.9493649e-05
  -4.0289655e-05
   1.1819822e-05
   6.6560510e-05
   1.2362980e-04
   1.8269879e-04
   2.4341433e-04
   3.0540100e-04
   3.6826319e-04
   4.3158704e-04
   4.9494246e-04
   5.5788525e-04
   6.1995920e-04
   6.8069833e-04
   7.3962937e-04
   7.9627427e-04
   8.5015313e-04
   9.0078724e-04
   9.4770252e-04
   9.9043320e-04
   1.0285259e-03
   1.0615439e-03
   1.0890719e-03
   1.1107207e-03
   1.1261322e-03
   1.1349850e-03
   1.1369989e-03
   1.1319404e-03
   1.1196274e-03
   1.0999339e-03
   1.0727938e-03
   1.0382050e-03
   9.9623179e-04
   9.4700754e-04
   8.9073574e-04
   8.2769055e-04
   7.5821625e-04
   6.8272571e-04
   6.0169778e-04
   5.1567369e-04
   4.2525239e-04
   3.3108498e-04
   2.3386819e-04
   1.3433709e-04
   3.3257057e-05
  -6.8584797e-05
  -1.7038867e-04
  -2.7135140e-04
  -3.7067589e-04
  -4.6758056e-04
  -5.6130856e-04
  -6.5113663e-04
  -7.3638346e-04
  -8.1641737e-04
  -8.9066327e-04
  -9.5860865e-04
  -1.0198086e-03
  -1.0738901e-03
  -1.1205542e-03
  -1.1595788e-03
  -1.1908185e-03
  -1.2142047e-03
  -1.2297438e-03
  -1.2375148e-03
  -1.2376663e-03
  -1.2304117e-03
  -1.2160247e-03
  -1.1948337e-03
  -1.1672156e-03
  -1.1335897e-03
  -1.0944108e-03
  -1.0501628e-03
  -1.0013516e-03
  -9.4849868e-04
  -8.9213440e-04
  -8.3279203e-04
  -7.7100179e-04
  -7.0728539e-04
  -6.4215106e-04
  -5.7608908e-04
  -5.0956773e-04
  -4.4302991e-04
  -3.7689015e-04
  -3.1153225e-04
  -2.4730740e-04
  -1.8453272e-04
  -1.2349038e-04
  -6.4427073e-05
  -7.5539364e-06
   4.6953187e-05
   9.8953112e-05
   1.4833837e-04
   1.9503397e-04
   2.3899592e-04
   2.8020944e-04
   3.1868702e-04
   3.5446623e-04
   3.8760736e-04
   4.1819085e-04
   4.4631465e-04
   4.7209135e-04
   4.9564528e-04
   5.1710950e-04
   5.3662271e-04
   5.5432614e-04
   5.7036049e-04
   5.8486284e-04
   5.9796368e-04
   6.0978405e-04
   6.2043284e-04
   6.3000428e-04
   6.3857568e-04
   6.4620547e-04
   6.5293155e-04
   6.5876994e-04
   6.6371398e-04
   6.6773376e-04
   6.7077613e-04
   6.7276513e-04
   6.7360289e-04
   6.7317102e-04
   6.7133246e-04
   6.6793380e-04
   6.6280809e-04
   6.5577797e-04
   6.4665929e-04
   6.3526500e-04
   6.2140931e-04
   6.0491213e-04
   5.8560362e-04
   5.6332884e-04
   5.3795235e-04
   5.0936285e-04
   4.7747753e-04
   4.4224623e-04
   4.0365530e-04
   3.6173100e-04
   3.1654246e-04
   2.6820404e-04
   2.1687705e-04
   1.6277091e-04
   1.0614338e-04
   4.7300190e-05
  -1.3406248e-05
  -7.5578853e-05
  -1.3877876e-04
  -2.0252897e-04
  -2.6631880e-04
  -3.2960899e-04
  -3.9183758e-04
  -4.5242631e-04
  -5.1078757e-04
  -5.6633179e-04
  -6.1847514e-04
  -6.6664750e-04
  -7.1030051e-04
  -7.4891555e-04
  -7.8201175e-04
  -8.0915351e-04
  -8.2995784e-04
  -8.4410103e-04
  -8.5132475e-04
  -8.5144139e-04
  -8.4433854e-04
  -8.2998245e-04
  -8.0842056e-04
  -7.7978279e-04
  -7.4428177e-04
  -7.0221178e-04
  -6.5394656e-04
  -5.9993586e-04
  -5.4070080e-04
  -4.7682816e-04
  -4.0896357e-04
  -3.3780372e-04
  -2.6408772e-04
  -1.8858774e-04
  -1.1209902e-04
  -3.5429402e-05
   4.0611339e-05
   1.1522238e-04
   1.8762263e-04
   2.5706131e-04
   3.2282812e-04
   3.8426282e-04
   4.4076417e-04
   4.9179788e-04
   5.3690360e-04
   5.7570081e-04
   6.0789337e-04
   6.3327283e-04
   6.5172030e-04
   6.6320693e-04
   6.6779291e-04
   6.6562511e-04
   6.5693326e-04
   6.4202489e-04
   6.2127902e-04
   5.9513876e-04
   5.6410292e-04
   5.2871679e-04
   4.8956239e-04
   4.4724808e-04
   4.0239805e-04
   3.5564171e-04
   3.0760313e-04
   2.5889093e-04
   2.1008858e-04
   1.6174550e-04
   1.1436892e-04
   6.8416869e-05
   2.4292179e-05
  -1.7662173e-05
  -5.7166465e-05
  -9.4006253e-05
  -1.2803301e-04
  -1.5916342e-04
  -1.8737731e-04
  -2.1271434e-04
  -2.3526951e-04
  -2.5518765e-04
  -2.7265694e-04
  -2.8790172e-04
  -3.0117465e-04
  -3.1274854e-04
  -3.2290784e-04
  -3.3194017e-04
  -3.4012796e-04
  -3.4774040e-04
  -3.5502584e-04
  -3.6220492e-04
  -3.6946438e-04
  -3.7695186e-04
  -3.8477160e-04
  -3.9298134e-04
  -4.0159024e-04
  -4.1055810e-04
  -4.1979558e-04
  -4.2916576e-04
  -4.3848667e-04
  -4.4753495e-04
  -4.5605041e-04
  -4.6374151e-04
  -4.7029156e-04
  -4.7536547e-04
  -4.7861709e-04
  -4.7969675e-04
  -4.7825898e-04
  -4.7397035e-04
  -4.6651697e-04
  -4.5561189e-04
  -4.4100188e-04
  -4.2247383e-04
  -3.9986032e-04
  -3.7304446e-04
  -3.4196389e-04
  -3.0661385e-04
  -2.6704919e-04
  -2.2338551e-04
  -1.7579920e-04
  -1.2452654e-04
  -6.9861754e-05
  -1.2154251e-05
   4.8195107e-05
   1.1073848e-04
   1.7498625e-04
   2.4041286e-04
   3.0646320e-04
   3.7255933e-04
   4.3810761e-04
   5.0250596e-04
   5.6515124e-04
   6.2544655e-04
   6.8280847e-04
   7.3667398e-04
   7.8650711e-04
   8.3180516e-04
   8.7210439e-04
   9.0698527e-04
   9.3607700e-04
   9.5906149e-04
   9.7567659e-04
   9.8571875e-04
   9.8904484e-04
   9.8557335e-04
   9.7528491e-04
   9.5822209e-04
   9.3448854e-04
   9.0424757e-04
   8.6772009e-04
   8.2518200e-04
   7.7696113e-04
   7.2343367e-04
   6.6502024e-04
   6.0218156e-04
   5.3541385e-04
   4.6524388e-04
   3.9222387e-04
   3.1692614e-04
   2.3993762e-04
   1.6185425e-04
   8.3275316e-05
   4.7977744e-06
  -7.2989413e-05
  -1.4951084e-04
  -2.2421007e-04
  -2.9655490e-04
  -3.6604235e-04
  -4.3220329e-04
  -4.9460683e-04
  -5.5286413e-04
  -6.0663188e-04
  -6.5561513e-04
  -6.9956965e-04
  -7.3830356e-04
  -7.7167842e-04
  -7.9960958e-04
  -8.2206588e-04
  -8.3906860e-04
  -8.5068981e-04
  -8.5705001e-04
  -8.5831510e-04
  -8.5469285e-04
  -8.4642876e-04
  -8.3380152e-04
  -8.1711802e-04
  -7.9670811e-04
  -7.7291910e-04
  -7.4611024e-04
  -7.1664707e-04
  -6.8489593e-04
  -6.5121863e-04
  -6.1596745e-04
  -5.7948046e-04
  -5.4207729e-04
  -5.0405553e-04
  -4.6568761e-04
  -4.2721841e-04
  -3.8886348e-04
  -3.5080809e-04
  -3.1320680e-04
  -2.7618391e-04
  -2.3983442e-04
  -2.0422575e-04
  -1.6939983e-04
  -1.3537588e-04
  -1.0215338e-04
  -6.9715512e-05
  -3.8032676e-05
  -7.0662106e-06
   2.3227937e-05
   5.2895601e-05
   8.1980972e-05
   1.1052344e-04
   1.3855475e-04
   1.6609662e-04
   1.9315872e-04
   2.1973725e-04
   2.4581392e-04
   2.7135554e-04
   2.9631411e-04
   3.2062740e-04
   3.4421995e-04
   3.6700464e-04
   3.8888444e-04
   4.0975465e-04
   4.2950523e-04
   4.4802342e-04
   4.6519635e-04
   4.8091373e-04
   4.9507045e-04
   5.0756906e-04
   5.1832206e-04
   5.2725392e-04
   5.3430281e-04
   5.3942198e-04
   5.4258078e-04
   5.4376525e-04
   5.4297836e-04
   5.4023984e-04
   5.3558561e-04
   5.2906690e-04
   5.2074904e-04
   5.1071001e-04
   4.9903871e-04
   4.8583320e-04
   4.7119869e-04
   4.5524557e-04
   4.3808749e-04
   4.1983937e-04
   4.0061567e-04
   3.8052870e-04
   3.5968719e-04
   3.3819500e-04
   3.1615014e-04
   2.9364391e-04
   2.7076040e-04
   2.4757615e-04
   2.2416004e-04
   2.0057342e-04
   1.7687048e-04
   1.5309873e-04
   1.2929971e-04
   1.0550983e-04
   8.1761342e-05
   5.8083331e-05
   3.4502832e-05
   1.1045896e-05
  -1.2261340e-05
  -3.5391662e-05
  -5.8315885e-05
  -8.1002085e-05
  -1.0341499e-04
  -1.2551557e-04
  -1.4726077e-04
  -1.6860353e-04
  -1.8949295e-04
  -2.0987468e-04
  -2.2969156e-04
  -2.4888433e-04
  -2.6739261e-04
  -2.8515595e-04
  -3.0211497e-04
  -3.1821258e-04
  -3.3339519e-04
  -3.4761393e-04
  -3.6082574e-04
  -3.7299447e-04
  -3.8409170e-04
  -3.9409753e-04
  -4.0300109e-04
  -4.1080085e-04
  -4.1750468e-04
  -4.2312967e-04
  -4.2770169e-04
  -4.3125464e-04
  -4.3382952e-04
  -4.3547319e-04
  -4.3623700e-04
  -4.3617520e-04
  -4.3534331e-04
  -4.3379633e-04
  -4.3158702e-04
  -4.2876420e-04
  -4.2537116e-04
  -4.2144422e-04
  -4.1701159e-04
  -4.1209234e-04
  -4.0669583e-04
  -4.0082136e-04
  -3.9445823e-04
  -3.8758612e-04
  -3.8017577e-04
  -3.7219011e-04
  -3.6358558e-04
  -3.5431370e-04
  -3.4432300e-04
  -3.3356090e-04
  -3.2197589e-04
  -3.0951960e-04
  -2.9614896e-04
  -2.8182821e-04
  -2.6653074e-04
  -2.5024081e-04
  -2.3295489e-04
  -2.1468283e-04
  -1.9544852e-04
  -1.7529036e-04
  -1.5426119e-04
  -1.3242790e-04
  -1.0987063e-04
  -8.6681602e-05
  -6.2963546e-05
  -3.8827862e-05
  -1.4392445e-05
   1.0220725e-05
   3.4888180e-05
   5.9487702e-05
   8.3901133e-05
   1.0801719e-04
   1.3173423e-04
   1.5496281e-04
   1.7762813e-04
   1.9967212e-04
   2.2105516e-04
   2.4175743e-04
   2.6177968e-04
   2.8114351e-04
   2.9989106e-04
   3.1808404e-04
   3.3580213e-04
   3.5314076e-04
   3.7020825e-04
   3.8712235e-04
   4.0400632e-04
   4.2098448e-04
   4.3817754e-04
   4.5569758e-04
   4.7364304e-04
   4.9209371e-04
   5.1110585e-04
   5.3070776e-04
   5.5089565e-04
   5.7163021e-04
   5.9283382e-04
   6.1438850e-04
   6.3613483e-04
   6.5787169e-04
   6.7935704e-04
   7.0030965e-04
   7.2041183e-04
   7.3931307e-04
   7.5663465e-04
   7.7197507e-04
   7.8491627e-04
   7.9503047e-04
   8.0188768e-04
   8.0506358e-04
   8.0414774e-04
   7.9875207e-04
   7.8851922e-04
   7.7313093e-04
   7.5231606e-04
   7.2585822e-04
   6.9360275e-04
   6.5546304e-04
   6.1142583e-04
   5.6155554e-04
   5.0599745e-04
   4.4497947e-04
   3.7881270e-04
   3.0789039e-04
   2.3268549e-04
   1.5374664e-04
   7.1692687e-05
  -1.2794300e-05
  -9.8977355e-05
  -1.8607425e-04
  -2.7326827e-04
  -3.5971991e-04
  -4.4457940e-04
  -5.2699973e-04
  -6.0614998e-04
  -6.8122871e-04
  -7.5147712e-04
  -8.1619170e-04
  -8.7473609e-04
  -9.2655200e-04
  -9.7116875e-04
  -1.0082114e-03
  -1.0374073e-03
  -1.0585906e-03
  -1.0717049e-03
  -1.0768040e-03
  -1.0740509e-03
  -1.0637139e-03
  -1.0461615e-03
  -1.0218555e-03
  -9.9134197e-04
  -9.5524094e-04
  -9.1423476e-04
  -8.6905542e-04
  -8.2047104e-04
  -7.6927185e-04
  -7.1625590e-04
  -6.6221487e-04
  -6.0792015e-04
  -5.5410955e-04
  -5.0147487e-04
  -4.5065055e-04
  -4.0220364e-04
  -3.5662526e-04
  -3.1432366e-04
  -2.7561913e-04
  -2.4074063e-04
  -2.0982438e-04
  -1.8291427e-04
  -1.5996414e-04
  -1.4084179e-04
  -1.2533468e-04
  -1.1315705e-04
  -1.0395846e-04
  -9.7333359e-05
  -9.2831632e-05
  -8.9969716e-05
  -8.8242157e-05
  -8.7133291e-05
  -8.6128801e-05
  -8.4726912e-05
  -8.2448980e-05
  -7.8849274e-05
  -7.3523745e-05
  -6.6117641e-05
  -5.6331829e-05
  -4.3927745e-05
  -2.8730909e-05
  -1.0633005e-05
   1.0407466e-05
   3.4365898e-05
   6.1153577e-05
   9.0620856e-05
   1.2256138e-04
   1.5671722e-04
   1.9278476e-04
   2.3042118e-04
   2.6925138e-04
   3.0887520e-04
   3.4887478e-04
   3.8882188e-04
   4.2828509e-04
   4.6683681e-04
   5.0405985e-04
   5.3955361e-04
   5.7293973e-04
   6.0386719e-04
   6.3201677e-04
   6.5710487e-04
   6.7888667e-04
   6.9715853e-04
   7.1175981e-04
   7.2257385e-04
   7.2952839e-04
   7.3259529e-04
   7.3178960e-04
   7.2716807e-04
   7.1882714e-04
   7.0690038e-04
   6.9155552e-04
   6.7299112e-04
   6.5143289e-04
   6.2712976e-04
   6.0034984e-04
   5.7137612e-04
   5.4050230e-04
   5.0802848e-04
   4.7425710e-04
   4.3948886e-04
   4.0401902e-04
   3.6813385e-04
   3.3210742e-04
   2.9619877e-04
   2.6064938e-04
   2.2568114e-04
   1.9149465e-04
   1.5826798e-04
   1.2615588e-04
   9.5289300e-05
   6.5775403e-05
   3.7697906e-05
   1.1117752e-05
  -1.3925890e-05
  -3.7414376e-05
  -5.9348102e-05
  -7.9744838e-05
  -9.8637933e-05
  -1.1607443e-04
  -1.3211314e-04
  -1.4682271e-04
  -1.6027975e-04
  -1.7256699e-04
  -1.8377159e-04
  -1.9398357e-04
  -2.0329431e-04
  -2.1179525e-04
  -2.1957679e-04
  -2.2672717e-04
  -2.3333170e-04
  -2.3947190e-04
  -2.4522496e-04
  -2.5066311e-04
  -2.5585326e-04
  -2.6085653e-04
  -2.6572802e-04
  -2.7051650e-04
  -2.7526421e-04
  -2.8000673e-04
  -2.8477282e-04
  -2.8958439e-04
  -2.9445647e-04
  -2.9939723e-04
  -3.0440813e-04
  -3.0948408e-04
  -3.1461366e-04
  -3.1977949e-04
  -3.2495864e-04
  -3.3012310e-04
  -3.3524044e-04
  -3.4027440e-04
  -3.4518570e-04
  -3.4993282e-04
  -3.5447287e-04
  -3.5876247e-04
  -3.6275859e-04
  -3.6641951e-04
  -3.6970556e-04
  -3.7257989e-04
  -3.7500914e-04
  -3.7696395e-04
  -3.7841934e-04
  -3.7935498e-04
  -3.7975518e-04
  -3.7960885e-04
  -3.7890916e-04
  -3.7765313e-04
  -3.7584101e-04
  -3.7347559e-04
  -3.7056135e-04
  -3.6710360e-04
  -3.6310758e-04
  -3.5857757e-04
  -3.5351597e-04
  -3.4792261e-04
  -3.4179400e-04
  -3.3512284e-04
  -3.2789757e-04
  -3.2010216e-04
  -3.1171603e-04
  -3.0271413e-04
  -2.9306724e-04
  -2.8274233e-04
  -2.7170316e-04
  -2.5991094e-04
  -2.4732510e-04
  -2.3390415e-04
  -2.1960658e-04
  -2.0439180e-04
  -1.8822106e-04
  -1.7105834e-04
  -1.5287125e-04
  -1.3363184e-04
  -1.1331730e-04
  -9.1910678e-05
  -6.9401388e-05
  -4.5785734e-05
  -2.1067268e-05
   4.7429183e-06
   3.1625999e-05
   5.9555303e-05
   8.8496274e-05
   1.1840650e-04
   1.4923579e-04
   1.8092628e-04
   2.1341259e-04
   2.4662192e-04
   2.8047422e-04
   3.1488230e-04
   3.4975186e-04
   3.8498155e-04
   4.2046295e-04
   4.5608050e-04
   4.9171141e-04
   5.2722548e-04
   5.6248500e-04
   5.9734453e-04
   6.3165081e-04
   6.6524263e-04
   6.9795084e-04
   7.2959842e-04
   7.6000069e-04
   7.8896567e-04
   8.1629466e-04
   8.4178298e-04
   8.6522096e-04
   8.8639517e-04
   9.0508986e-04
   9.2108875e-04
   9.3417689e-04
   9.4414295e-04
   9.5078158e-04
   9.5389605e-04
   9.5330096e-04
   9.4882519e-04
   9.4031476e-04
   9.2763588e-04
   9.1067781e-04
   8.8935569e-04
   8.6361319e-04
   8.3342486e-04
   7.9879825e-04
   7.5977560e-04
   7.1643513e-04
   6.6889186e-04
   6.1729789e-04
   5.6184221e-04
   5.0274989e-04
   4.4028077e-04
   3.7472765e-04
   3.0641393e-04
   2.3569078e-04
   1.6293399e-04
   8.8540347e-05
   1.2923804e-05
  -6.3488578e-05
  -1.4026086e-04
  -2.1695250e-04
  -2.9312263e-04
  -3.6833430e-04
  -4.4215848e-04
  -5.1417802e-04
  -5.8399121e-04
  -6.5121513e-04
  -7.1548864e-04
  -7.7647501e-04
  -8.3386419e-04
  -8.8737465e-04
  -9.3675488e-04
  -9.8178447e-04
  -1.0222748e-03
  -1.0580695e-03
  -1.0890444e-03
  -1.1151074e-03
  -1.1361976e-03
  -1.1522850e-03
  -1.1633694e-03
  -1.1694788e-03
  -1.1706689e-03
  -1.1670209e-03
  -1.1586407e-03
  -1.1456566e-03
  -1.1282186e-03
  -1.1064961e-03
  -1.0806765e-03
  -1.0509636e-03
  -1.0175761e-03
  -9.8074600e-04
  -9.4071675e-04
  -8.9774206e-04
  -8.5208418e-04
  -8.0401236e-04
  -7.5380132e-04
  -7.0172971e-04
  -6.4807853e-04
  -5.9312957e-04
  -5.3716385e-04
  -4.8046006e-04
  -4.2329299e-04
  -3.6593203e-04
  -3.0863963e-04
  -2.5166988e-04
  -1.9526710e-04
  -1.3966448e-04
  -8.5082865e-05
  -3.1729600e-05
   2.0202545e-05
   7.0536282e-05
   1.1911061e-04
   1.6578147e-04
   2.1042226e-04
   2.5292420e-04
   2.9319647e-04
   3.3116633e-04
   3.6677889e-04
   3.9999682e-04
   4.3079989e-04
   4.5918431e-04
   4.8516191e-04
   5.0875919e-04
   5.3001619e-04
   5.4898526e-04
   5.6572964e-04
   5.8032206e-04
   5.9284310e-04
   6.0337957e-04
   6.1202290e-04
   6.1886742e-04
   6.2400870e-04
   6.2754201e-04
   6.2956074e-04
   6.3015499e-04
   6.2941036e-04
   6.2740673e-04
   6.2421743e-04
   6.1990843e-04
   6.1453786e-04
   6.0815572e-04
   6.0080383e-04
   5.9251602e-04
   5.8331855e-04
   5.7323074e-04
   5.6226586e-04
   5.5043213e-04
   5.3773395e-04
   5.2417322e-04
   5.0975077e-04
   4.9446786e-04
   4.7832768e-04
   4.6133680e-04
   4.4350663e-04
   4.2485466e-04
   4.0540563e-04
   3.8519248e-04
   3.6425709e-04
   3.4265080e-04
   3.2043461e-04
   2.9767918e-04
   2.7446453e-04
   2.5087947e-04
   2.2702075e-04
   2.0299203e-04
   1.7890258e-04
   1.5486582e-04
   1.3099767e-04
   1.0741486e-04
   8.4233040e-05
   6.1564950e-05
   3.9518555e-05
   1.8195206e-05
  -2.3120935e-06
  -2.1920314e-05
  -4.0557864e-05
  -5.8165859e-05
  -7.4699175e-05
  -9.0127246e-05
  -1.0443461e-04
  -1.1762115e-04
  -1.2970208e-04
  -1.4070765e-04
  -1.5068251e-04
  -1.5968486e-04
  -1.6778538e-04
  -1.7506582e-04
  -1.8161749e-04
  -1.8753953e-04
  -1.9293698e-04
  -1.9791887e-04
  -2.0259607e-04
  -2.0707919e-04
  -2.1147650e-04
  -2.1589174e-04
  -2.2042214e-04
  -2.2515649e-04
  -2.3017326e-04
  -2.3553902e-04
  -2.4130695e-04
  -2.4751559e-04
  -2.5418791e-04
  -2.6133051e-04
  -2.6893321e-04
  -2.7696889e-04
  -2.8539358e-04
  -2.9414692e-04
  -3.0315282e-04
  -3.1232049e-04
  -3.2154556e-04
  -3.3071167e-04
  -3.3969202e-04
  -3.4835132e-04
  -3.5654774e-04
  -3.6413510e-04
  -3.7096509e-04
  -3.7688957e-04
  -3.8176292e-04
  -3.8544437e-04
  -3.8780031e-04
  -3.8870652e-04
  -3.8805027e-04
  -3.8573236e-04
  -3.8166893e-04
  -3.7579311e-04
  -3.6805642e-04
  -3.5843000e-04
  -3.4690549e-04
  -3.3349571e-04
  -3.1823498e-04
  -3.0117921e-04
  -2.8240563e-04
  -2.6201221e-04
  -2.4011683e-04
  -2.1685609e-04
  -1.9238388e-04
  -1.6686964e-04
  -1.4049641e-04
  -1.1345862e-04
  -8.5959741e-05
  -5.8209729e-05
  -3.0422363e-05
  -2.8125147e-06
   2.4406629e-05
   5.1026337e-05
   7.6845056e-05
   1.0167103e-04
   1.2532478e-04
   1.4764142e-04
   1.6847274e-04
   1.8768900e-04
   2.0518053e-04
   2.2085889e-04
   2.3465782e-04
   2.4653376e-04
   2.5646605e-04
   2.6445678e-04
   2.7053031e-04
   2.7473239e-04
   2.7712909e-04
   2.7780529e-04
   2.7686308e-04
   2.7441983e-04
   2.7060608e-04
   2.6556334e-04
   2.5944173e-04
   2.5239759e-04
   2.4459100e-04
   2.3618338e-04
   2.2733511e-04
   2.1820315e-04
   2.0893891e-04
   1.9968616e-04
   1.9057911e-04
   1.8174075e-04
   1.7328131e-04
   1.6529705e-04
   1.5786916e-04
   1.5106308e-04
   1.4492790e-04
   1.3949616e-04
   1.3478383e-04
   1.3079054e-04
   1.2750009e-04
   1.2488117e-04
   1.2288826e-04
   1.2146276e-04
   1.2053426e-04
   1.2002196e-04
   1.1983625e-04
   1.1988032e-04
   1.2005187e-04
   1.2024489e-04
   1.2035142e-04
   1.2026331e-04
   1.1987398e-04
   1.1908012e-04
   1.1778329e-04
   1.1589148e-04
   1.1332050e-04
   1.0999535e-04
   1.0585133e-04
   1.0083513e-04
   9.4905623e-05
   8.8034658e-05
   8.0207538e-05
   7.1423413e-05
   6.1695472e-05
   5.1050962e-05
   3.9531036e-05
   2.7190437e-05
   1.4097011e-05
   3.3106088e-07
  -1.4015450e-05
  -2.8839846e-05
  -4.4029823e-05
  -5.9464658e-05
  -7.5016544e-05
  -9.0552017e-05
  -1.0593348e-04
  -1.2102079e-04
  -1.3567292e-04
  -1.4974961e-04
  -1.6311310e-04
  -1.7562979e-04
  -1.8717188e-04
  -1.9761903e-04
  -2.0685983e-04
  -2.1479327e-04
  -2.2133007e-04
  -2.2639383e-04
  -2.2992213e-04
  -2.3186731e-04
  -2.3219723e-04
  -2.3089573e-04
  -2.2796291e-04
  -2.2341523e-04
  -2.1728537e-04
  -2.0962188e-04
  -2.0048867e-04
  -1.8996423e-04
  -1.7814073e-04
  -1.6512292e-04
  -1.5102688e-04
  -1.3597863e-04
  -1.2011267e-04
  -1.0357042e-04
  -8.6498547e-05
  -6.9047373e-05
  -5.1369174e-05
  -3.3616555e-05
  -1.5940848e-05
   1.5094198e-06
   1.8589985e-05
   3.5162199e-05
   5.1094279e-05
   6.6262434e-05
   8.0551872e-05
   9.3857679e-05
   1.0608556e-04
   1.1715249e-04
   1.2698717e-04
   1.3553044e-04
   1.4273552e-04
   1.4856815e-04
   1.5300662e-04
   1.5604167e-04
   1.5767635e-04
   1.5792569e-04
   1.5681630e-04
   1.5438597e-04
   1.5068301e-04
   1.4576569e-04
   1.3970149e-04
   1.3256634e-04
   1.2444376e-04
   1.1542399e-04
   1.0560308e-04
   9.5081878e-05
   8.3965088e-05
   7.2360240e-05
   6.0376687e-05
   4.8124597e-05
   3.5713961e-05
   2.3253621e-05
   1.0850333e-05
  -1.3921382e-06
  -1.3373876e-05
  -2.4999620e-05
  -3.6179517e-05
  -4.6829821e-05
  -5.6873519e-05
  -6.6240898e-05
  -7.4870052e-05
  -8.2707302e-05
  -8.9707569e-05
  -9.5834659e-05
  -1.0106149e-04
  -1.0537023e-04
  -1.0875240e-04
  -1.1120885e-04
  -1.1274971e-04
  -1.1339422e-04
  -1.1317052e-04
  -1.1211533e-04
  -1.1027351e-04
  -1.0769761e-04
  -1.0444727e-04
  -1.0058851e-04
  -9.6192991e-05
  -9.1337109e-05
  -8.6101080e-05
  -8.0567896e-05
  -7.4822234e-05
  -6.8949307e-05
  -6.3033673e-05
  -5.7158021e-05
  -5.1401951e-05
  -4.5840762e-05
  -4.0544278e-05
  -3.5575727e-05
  -3.0990693e-05
  -2.6836168e-05
  -2.3149729e-05
  -1.9958840e-05
  -1.7280328e-05
  -1.5120015e-05
  -1.3472551e-05
  -1.2321422e-05
  -1.1639178e-05
  -1.1387836e-05
  -1.1519499e-05
  -1.1977149e-05
  -1.2695616e-05
  -1.3602719e-05
  -1.4620531e-05
  -1.5666781e-05
  -1.6656341e-05
  -1.7502784e-05
  -1.8119993e-05
  -1.8423772e-05
  -1.8333449e-05
  -1.7773428e-05
  -1.6674670e-05
  -1.4976070e-05
  -1.2625704e-05
  -9.5819264e-06
  -5.8142882e-06
  -1.3042663e-06
   3.9542173e-06
   9.9544957e-06
   1.6677083e-05
   2.4089829e-05
   3.2148302e-05
   4.0796392e-05
   4.9967119e-05
   5.9583648e-05
   6.9560465e-05
   7.9804717e-05
   9.0217670e-05
   1.0069627e-04
   1.1113479e-04
   1.2142645e-04
   1.3146514e-04
   1.4114702e-04
   1.5037209e-04
   1.5904570e-04
   1.6707991e-04
   1.7439468e-04
   1.8091893e-04
   1.8659141e-04
   1.9136135e-04
   1.9518892e-04
   1.9804547e-04
   1.9991355e-04
   2.0078672e-04
   2.0066920e-04
   1.9957526e-04
   1.9752851e-04
   1.9456096e-04
   1.9071204e-04
   1.8602747e-04
   1.8055802e-04
   1.7435828e-04
   1.6748541e-04
   1.5999785e-04
   1.5195408e-04
   1.4341149e-04
   1.3442529e-04
   1.2504750e-04
   1.1532614e-04
   1.0530453e-04
   9.5020716e-05
   8.4507076e-05
   7.3790143e-05
   6.2890534e-05
   5.1823091e-05
   4.0597168e-05
   2.9217086e-05
   1.7682722e-05
   5.9902322e-06
  -5.8671089e-06
  -1.7897982e-05
  -3.0112020e-05
  -4.2518749e-05
  -5.5126505e-05
  -6.7941343e-05
  -8.0965955e-05
  -9.4198640e-05
  -1.0763232e-04
  -1.2125368e-04
  -1.3504233e-04
  -1.4897020e-04
  -1.6300102e-04
  -1.7708993e-04
  -1.9118330e-04
  -2.0521874e-04
  -2.1912527e-04
  -2.3282365e-04
  -2.4622701e-04
  -2.5924153e-04
  -2.7176740e-04
  -2.8369995e-04
  -2.9493090e-04
  -3.0534979e-04
  -3.1484553e-04
  -3.2330802e-04
  -3.3062988e-04
  -3.3670820e-04
  -3.4144624e-04
  -3.4475518e-04
  -3.4655573e-04
  -3.4677965e-04
  -3.4537115e-04
  -3.4228810e-04
  -3.3750303e-04
  -3.3100396e-04
  -3.2279493e-04
  -3.1289634e-04
  -3.0134501e-04
  -2.8819395e-04
  -2.7351190e-04
  -2.5738259e-04
  -2.3990378e-04
  -2.2118609e-04
  -2.0135153e-04
  -1.8053195e-04
  -1.5886731e-04
  -1.3650378e-04
  -1.1359179e-04
  -9.0284034e-05
  -6.6733422e-05
  -4.3091061e-05
  -1.9504291e-05
   3.8851865e-06
   2.6943074e-05
   4.9544076e-05
   7.1573330e-05
   9.2927617e-05
   1.1351636e-04
   1.3326235e-04
   1.5210226e-04
   1.6998681e-04
   1.8688075e-04
   2.0276252e-04
   2.1762365e-04
   2.3146792e-04
   2.4431030e-04
   2.5617565e-04
   2.6709728e-04
   2.7711537e-04
   2.8627520e-04
   2.9462540e-04
   3.0221615e-04
   3.0909733e-04
   3.1531678e-04
   3.2091864e-04
   3.2594176e-04
   3.3041838e-04
   3.3437286e-04
   3.3782076e-04
   3.4076809e-04
   3.4321084e-04
   3.4513476e-04
   3.4651545e-04
   3.4731870e-04
   3.4750113e-04
   3.4701103e-04
   3.4578949e-04
   3.4377172e-04
   3.4088858e-04
   3.3706822e-04
   3.3223789e-04
   3.2632582e-04
   3.1926313e-04
   3.1098574e-04
   3.0143633e-04
   2.9056611e-04
   2.7833659e-04
   2.6472114e-04
   2.4970646e-04
   2.3329376e-04
   2.1549979e-04
   1.9635761e-04
   1.7591705e-04
   1.5424496e-04
   1.3142518e-04
   1.0755812e-04
   8.2760184e-05
   5.7162854e-05
   3.0911501e-05
   4.1639704e-06
  -2.2911072e-05
  -5.0135993e-05
  -7.7326224e-05
  -1.0429243e-04
  -1.3084280e-04
  -1.5678537e-04
  -1.8193046e-04
  -2.0609301e-04
  -2.2909497e-04
  -2.5076753e-04
  -2.7095333e-04
  -2.8950845e-04
  -3.0630427e-04
  -3.2122913e-04
  -3.3418971e-04
  -3.4511224e-04
  -3.5394337e-04
  -3.6065081e-04
  -3.6522365e-04
  -3.6767243e-04
  -3.6802885e-04
  -3.6634528e-04
  -3.6269392e-04
  -3.5716575e-04
  -3.4986923e-04
  -3.4092874e-04
  -3.3048288e-04
  -3.1868256e-04
  -3.0568899e-04
  -2.9167146e-04
  -2.7680517e-04
  -2.6126891e-04
  -2.4524279e-04
  -2.2890589e-04
  -2.1243409e-04
  -1.9599782e-04
  -1.7976006e-04
  -1.6387436e-04
  -1.4848306e-04
  -1.3371571e-04
  -1.1968764e-04
  -1.0649882e-04
  -9.4232819e-05
  -8.2956177e-05
  -7.2717864e-05
  -6.3549074e-05
  -5.5463240e-05
  -4.8456291e-05
  -4.2507151e-05
  -3.7578464e-05
  -3.3617529e-05
  -3.0557439e-05
  -2.8318394e-05
  -2.6809180e-05
  -2.5928768e-05
  -2.5568035e-05
  -2.5611551e-05
  -2.5939423e-05
  -2.6429153e-05
  -2.6957492e-05
  -2.7402250e-05
  -2.7644051e-05
  -2.7567993e-05
  -2.7065204e-05
  -2.6034274e-05
  -2.4382542e-05
  -2.2027235e-05
  -1.8896446e-05
  -1.4929942e-05
  -1.0079808e-05
  -4.3109224e-06
   2.3987370e-06
   1.0057945e-05
   1.8662237e-05
   2.8194070e-05
   3.8623115e-05
   4.9906692e-05
   6.1990320e-05
   7.4808386e-05
   8.8284920e-05
   1.0233446e-04
   1.1686303e-04
   1.3176914e-04
   1.4694493e-04
   1.6227730e-04
   1.7764910e-04
   1.9294042e-04
   2.0802977e-04
   2.2279540e-04
   2.3711647e-04
   2.5087435e-04
   2.6395377e-04
   2.7624396e-04
   2.8763974e-04
   2.9804255e-04
   3.0736136e-04
   3.1551352e-04
   3.2242553e-04
   3.2803366e-04
   3.3228445e-04
   3.3513517e-04
   3.3655405e-04
   3.3652045e-04
   3.3502485e-04
   3.3206880e-04
   3.2766459e-04
   3.2183495e-04
   3.1461256e-04
   3.0603943e-04
   2.9616624e-04
   2.8505153e-04
   2.7276089e-04
   2.5936601e-04
   2.4494372e-04
   2.2957503e-04
   2.1334411e-04
   1.9633728e-04
   1.7864206e-04
   1.6034620e-04
   1.4153681e-04
   1.2229955e-04
   1.0271787e-04
   8.2872432e-05
   6.2840523e-05
   4.2695679e-05
   2.2507380e-05
   2.3408826e-06
  -1.7742825e-05
  -3.7686949e-05
  -5.7438712e-05
  -7.6949056e-05
  -9.6172271e-05
  -1.1506554e-04
  -1.3358843e-04
  -1.5170233e-04
  -1.6936991e-04
  -1.8655454e-04
  -2.0321973e-04
  -2.1932866e-04
  -2.3484375e-04
  -2.4972624e-04
  -2.6393601e-04
  -2.7743139e-04
  -2.9016911e-04
  -3.0210444e-04
  -3.1319138e-04
  -3.2338304e-04
  -3.3263212e-04
  -3.4089149e-04
  -3.4811491e-04
  -3.5425779e-04
  -3.5927808e-04
  -3.6313715e-04
  -3.6580070e-04
  -3.6723968e-04
  -3.6743121e-04
  -3.6635938e-04
  -3.6401607e-04
  -3.6040160e-04
  -3.5552531e-04
  -3.4940600e-04
  -3.4207219e-04
  -3.3356230e-04
  -3.2392457e-04
  -3.1321688e-04
  -3.0150635e-04
  -2.8886877e-04
  -2.7538787e-04
  -2.6115441e-04
  -2.4626513e-04
  -2.3082153e-04
  -2.1492856e-04
  -1.9869320e-04
  -1.8222292e-04
  -1.6562410e-04
  -1.4900049e-04
  -1.3245151e-04
  -1.1607074e-04
  -9.9944355e-05
  -8.4149709e-05
  -6.8753980e-05
  -5.3812996e-05
  -3.9370217e-05
  -2.5455919e-05
  -1.2086590e-05
   7.3542370e-07
   1.3022017e-05
   2.4799148e-05
   3.6106377e-05
   4.6996121e-05
   5.7532610e-05
   6.7790572e-05
   7.7853646e-05
   8.7812547e-05
   9.7763012e-05
   1.0780356e-04
   1.1803312e-04
   1.2854851e-04
   1.3944194e-04
   1.5079844e-04
   1.6269338e-04
   1.7519008e-04
   1.8833756e-04
   2.0216853e-04
   2.1669759e-04
   2.3191977e-04
   2.4780934e-04
   2.6431901e-04
   2.8137956e-04
   2.9889975e-04
   3.1676676e-04
   3.3484696e-04
   3.5298711e-04
   3.7101596e-04
   3.8874615e-04
   4.0597654e-04
   4.2249476e-04
   4.3808006e-04
   4.5250642e-04
   4.6554573e-04
   4.7697118e-04
   4.8656074e-04
   4.9410053e-04
   4.9938833e-04
   5.0223689e-04
   5.0247708e-04
   4.9996097e-04
   4.9456460e-04
   4.8619041e-04
   4.7476947e-04
   4.6026329e-04
   4.4266519e-04
   4.2200133e-04
   3.9833126e-04
   3.7174803e-04
   3.4237778e-04
   3.1037895e-04
   2.7594097e-04
   2.3928250e-04
   2.0064930e-04
   1.6031165e-04
   1.1856138e-04
   7.5708671e-05
   3.2078471e-05
  -1.1993270e-05
  -5.6163558e-05
  -1.0008644e-04
  -1.4341714e-04
  -1.8581623e-04
  -2.2695372e-04
  -2.6651302e-04
  -3.0419475e-04
  -3.3972029e-04
  -3.7283502e-04
  -4.0331124e-04
  -4.3095065e-04
  -4.5558643e-04
  -4.7708484e-04
  -4.9534628e-04
  -5.1030595e-04
  -5.2193388e-04
  -5.3023456e-04
  -5.3524600e-04
  -5.3703838e-04
  -5.3571228e-04
  -5.3139641e-04
  -5.2424513e-04
  -5.1443554e-04
  -5.0216441e-04
  -4.8764484e-04
  -4.7110280e-04
  -4.5277368e-04
  -4.3289862e-04
  -4.1172112e-04
  -3.8948353e-04
  -3.6642382e-04
  -3.4277249e-04
  -3.1874975e-04
  -2.9456295e-04
  -2.7040435e-04
  -2.4644923e-04
  -2.2285440e-04
  -1.9975702e-04
  -1.7727387e-04
  -1.5550102e-04
  -1.3451383e-04
  -1.1436738e-04
  -9.5097221e-05
  -7.6720488e-05
  -5.9237257e-05
  -4.2632218e-05
  -2.6876537e-05
  -1.1929909e-05
   2.2572660e-06
   1.5741622e-05
   2.8584531e-05
   4.0849823e-05
   5.2601564e-05
   6.3901943e-05
   7.4809295e-05
   8.5376311e-05
   9.5648459e-05
   1.0566265e-04
   1.1544616e-04
   1.2501583e-04
   1.3437758e-04
   1.4352618e-04
   1.5244537e-04
   1.6110820e-04
   1.6947772e-04
   1.7750791e-04
   1.8514483e-04
   1.9232797e-04
   1.9899189e-04
   2.0506786e-04
   2.1048574e-04
   2.1517586e-04
   2.1907095e-04
   2.2210812e-04
   2.2423071e-04
   2.2539009e-04
   2.2554735e-04
   2.2467480e-04
   2.2275724e-04
   2.1979311e-04
   2.1579522e-04
   2.1079135e-04
   2.0482442e-04
   1.9795244e-04
   1.9024812e-04
   1.8179808e-04
   1.7270185e-04
   1.6307052e-04
   1.5302508e-04
   1.4269452e-04
   1.3221370e-04
   1.2172105e-04
   1.1135604e-04
   1.0125661e-04
   9.1556540e-05
   8.2382756e-05
   7.3852764e-05
   6.6072129e-05
   5.9132145e-05
   5.3107709e-05
   4.8055465e-05
   4.4012259e-05
   4.0993952e-05
   3.8994622e-05
   3.7986185e-05
   3.7918463e-05
   3.8719698e-05
   4.0297530e-05
   4.2540424e-05
   4.5319535e-05
   4.8490977e-05
   5.1898475e-05
   5.5376328e-05
   5.8752666e-05
   6.1852897e-05
   6.4503316e-05
   6.6534767e-05
   6.7786318e-05
   6.8108835e-05
   6.7368409e-05
   6.5449530e-05
   6.2257966e-05
   5.7723255e-05
   5.1800757e-05
   4.4473231e-05
   3.5751871e-05
   2.5676798e-05
   1.4316972e-05
   1.7695277e-06
  -1.1841455e-05
  -2.6366738e-05
  -4.1634226e-05
  -5.7451753e-05
  -7.3610294e-05
  -8.9887539e-05
  -1.0605178e-04
  -1.2186599e-04
  -1.3709210e-04
  -1.5149530e-04
  -1.6484829e-04
  -1.7693552e-04
  -1.8755712e-04
  -1.9653266e-04
  -2.0370457e-04
  -2.0894104e-04
  -2.1213865e-04
  -2.1322432e-04
  -2.1215682e-04
  -2.0892767e-04
  -2.0356151e-04
  -1.9611578e-04
  -1.8667996e-04
  -1.7537415e-04
  -1.6234717e-04
  -1.4777419e-04
  -1.3185389e-04
  -1.1480524e-04
  -9.6864043e-05
  -7.8279097e-05
  -5.9308315e-05
  -4.0214654e-05
  -2.1262052e-05
  -2.7113900e-06
   1.5183422e-05
   3.2179200e-05
   4.8046995e-05
   6.2575323e-05
   7.5573059e-05
   8.6871958e-05
   9.6328770e-05
   1.0382693e-04
   1.0927780e-04
   1.1262146e-04
   1.1382704e-04
   1.1289266e-04
   1.0984482e-04
   1.0473752e-04
   9.7650933e-05
   8.8689728e-05
   7.7981112e-05
   6.5672606e-05
   5.1929611e-05
   3.6932810e-05
   2.0875459e-05
   3.9606218e-06
  -1.3601607e-05
  -3.1596843e-05
  -4.9809073e-05
  -6.8023188e-05
  -8.6027367e-05
  -1.0361528e-04
  -1.2058804e-04
  -1.3675602e-04
  -1.5194032e-04
  -1.6597406e-04
  -1.7870344e-04
  -1.8998855e-04
  -1.9970393e-04
  -2.0773904e-04
  -2.1399841e-04
  -2.1840180e-04
  -2.2088411e-04
  -2.2139525e-04
  -2.1989996e-04
  -2.1637753e-04
  -2.1082155e-04
  -2.0323963e-04
  -1.9365311e-04
  -1.8209682e-04
  -1.6861884e-04
  -1.5328028e-04
  -1.3615512e-04
  -1.1732995e-04
  -9.6903876e-05
  -7.4988233e-05
  -5.1706388e-05
  -2.7193429e-05
  -1.5957987e-06
   2.4929165e-05
   5.2213788e-05
   8.0080749e-05
   1.0834389e-04
   1.3680916e-04
   1.6527574e-04
   1.9353726e-04
   2.2138319e-04
   2.4860037e-04
   2.7497466e-04
   3.0029265e-04
   3.2434354e-04
   3.4692102e-04
   3.6782522e-04
   3.8686468e-04
   4.0385824e-04
   4.1863700e-04
   4.3104610e-04
   4.4094647e-04
   4.4821641e-04
   4.5275300e-04
   4.5447346e-04
   4.5331611e-04
   4.4924136e-04
   4.4223223e-04
   4.3229485e-04
   4.1945859e-04
   4.0377596e-04
   3.8532229e-04
   3.6419516e-04
   3.4051356e-04
   3.1441689e-04
   2.8606367e-04
   2.5563013e-04
   2.2330867e-04
   1.8930611e-04
   1.5384190e-04
   1.1714622e-04
   7.9458104e-05
   4.1023457e-05
   2.0931375e-06
  -3.7078944e-05
  -7.6237685e-05
  -1.1512859e-04
  -1.5349947e-04
  -1.9110211e-04
  -2.2769383e-04
  -2.6303894e-04
  -2.9691015e-04
  -3.2908997e-04
  -3.5937193e-04
  -3.8756190e-04
  -4.1347925e-04
  -4.3695812e-04
  -4.5784853e-04
  -4.7601759e-04
  -4.9135059e-04
  -5.0375211e-04
  -5.1314710e-04
  -5.1948182e-04
  -5.2272478e-04
  -5.2286748e-04
  -5.1992511e-04
  -5.1393697e-04
  -5.0496675e-04
  -4.9310254e-04
  -4.7845658e-04
  -4.6116475e-04
  -4.4138572e-04
  -4.1929980e-04
  -3.9510748e-04
  -3.6902764e-04
  -3.4129550e-04
  -3.1216024e-04
  -2.8188239e-04
  -2.5073107e-04
  -2.1898091e-04
  -1.8690899e-04
  -1.5479163e-04
  -1.2290115e-04
  -9.1502655e-05
  -6.0850923e-05
  -3.1187391e-05
  -2.7373225e-06
   2.4292813e-05
   4.9717713e-05
   7.3375328e-05
   9.5128639e-05
   1.1486711e-04
   1.3250777e-04
   1.4799600e-04
   1.6130585e-04
   1.7244013e-04
   1.8143000e-04
   1.8833430e-04
   1.9323852e-04
   1.9625339e-04
   1.9751325e-04
   1.9717401e-04
   1.9541096e-04
   1.9241625e-04
   1.8839623e-04
   1.8356854e-04
   1.7815910e-04
   1.7239902e-04
   1.6652134e-04
   1.6075784e-04
   1.5533577e-04
   1.5047468e-04
   1.4638326e-04
   1.4325636e-04
   1.4127211e-04
   1.4058922e-04
   1.4134456e-04
   1.4365092e-04
   1.4759504e-04
   1.5323604e-04
   1.6060409e-04
   1.6969945e-04
   1.8049190e-04
   1.9292055e-04
   2.0689400e-04
   2.2229099e-04
   2.3896133e-04
   2.5672730e-04
   2.7538547e-04
   2.9470880e-04
   3.1444922e-04
   3.3434043e-04
   3.5410116e-04
   3.7343855e-04
   3.9205195e-04
   4.0963674e-04
   4.2588847e-04
   4.4050699e-04
   4.5320066e-04
   4.6369056e-04
   4.7171462e-04
   4.7703156e-04
   4.7942473e-04
   4.7870554e-04
   4.7471664e-04
   4.6733470e-04
   4.5647270e-04
   4.4208179e-04
   4.2415251e-04
   4.0271558e-04
   3.7784205e-04
   3.4964285e-04
   3.1826782e-04
   2.8390413e-04
   2.4677421e-04
   2.0713308e-04
   1.6526533e-04
   1.2148157e-04
   7.6114576e-05
   2.9515056e-05
  -1.7952768e-05
  -6.5915820e-05
  -1.1399692e-04
  -1.6181961e-04
  -2.0901288e-04
  -2.5521589e-04
  -3.0008245e-04
  -3.4328524e-04
  -3.8451985e-04
  -4.2350826e-04
  -4.6000212e-04
  -4.9378541e-04
  -5.2467666e-04
  -5.5253073e-04
  -5.7723987e-04
  -5.9873439e-04
  -6.1698266e-04
  -6.3199059e-04
  -6.4380054e-04
  -6.5248969e-04
  -6.5816793e-04
  -6.6097522e-04
  -6.6107855e-04
  -6.5866859e-04
  -6.5395586e-04
  -6.4716685e-04
  -6.3853978e-04
  -6.2832036e-04
  -6.1675748e-04
  -6.0409892e-04
  -5.9058720e-04
  -5.7645562e-04
  -5.6192444e-04
  -5.4719752e-04
  -5.3245913e-04
  -5.1787131e-04
  -5.0357153e-04
  -4.8967086e-04
  -4.7625264e-04
  -4.6337156e-04
  -4.5105327e-04
  -4.3929445e-04
  -4.2806338e-04
  -4.1730088e-04
  -4.0692174e-04
  -3.9681649e-04
  -3.8685353e-04
  -3.7688153e-04
  -3.6673217e-04
  -3.5622297e-04
  -3.4516044e-04
  -3.3334319e-04
  -3.2056521e-04
  -3.0661915e-04
  -2.9129958e-04
  -2.7440619e-04
  -2.5574689e-04
  -2.3514076e-04
  -2.1242090e-04
  -1.8743706e-04
  -1.6005802e-04
  -1.3017383e-04
  -9.7697753e-05
  -6.2567946e-05
  -2.4748925e-05
   1.5767277e-05
   5.8960195e-05
   1.0478029e-04
   1.5314857e-04
   2.0395642e-04
   2.5706571e-04
   3.1230910e-04
   3.6949052e-04
   4.2838591e-04
   4.8874404e-04
   5.5028762e-04
   6.1271439e-04
   6.7569852e-04
   7.3889206e-04
   8.0192650e-04
   8.6441448e-04
   9.2595168e-04
   9.8611870e-04
   1.0444832e-03
   1.1006023e-03
   1.1540245e-03
   1.2042930e-03
   1.2509478e-03
   1.2935289e-03
   1.3315797e-03
   1.3646504e-03
   1.3923012e-03
   1.4141068e-03
   1.4296602e-03
   1.4385774e-03
   1.4405013e-03
   1.4351070e-03
   1.4221066e-03
   1.4012533e-03
   1.3723472e-03
   1.3352392e-03
   1.2898362e-03
   1.2361048e-03
   1.1740759e-03
   1.1038478e-03
   1.0255897e-03
   9.3954382e-04
   8.4602768e-04
   7.4543484e-04
   6.3823536e-04
   5.2497515e-04
   4.0627441e-04
   2.8282504e-04
   1.5538706e-04
   2.4783898e-05
  -1.0810330e-04
  -2.4234248e-04
  -3.7695848e-04
  -5.1094177e-04
  -6.4325812e-04
  -7.7285897e-04
  -8.9869254e-04
  -1.0197154e-03
  -1.1349045e-03
  -1.2432691e-03
  -1.3438634e-03
  -1.4357983e-03
  -1.5182528e-03
  -1.5904858e-03
  -1.6518460e-03
  -1.7017815e-03
  -1.7398483e-03
  -1.7657172e-03
  -1.7791798e-03
  -1.7801524e-03
  -1.7686789e-03
  -1.7449314e-03
  -1.7092093e-03
  -1.6619366e-03
  -1.6036579e-03
  -1.5350315e-03
  -1.4568223e-03
  -1.3698921e-03
  -1.2751890e-03
  -1.1737355e-03
  -1.0666154e-03
  -9.5496022e-04
  -8.3993414e-04
  -7.2271952e-04
  -6.0450153e-04
  -4.8645303e-04
  -3.6971979e-04
  -2.5540602e-04
  -1.4456077e-04
  -3.8165228e-05
   6.2878967e-05
   1.5775998e-04
   2.4576468e-04
   3.2628596e-04
   3.9882839e-04
   4.6301211e-04
   5.1857499e-04
   5.6537301e-04
   6.0337885e-04
   6.3267877e-04
   6.5346789e-04
   6.6604393e-04
   6.7079952e-04
   6.6821330e-04
   6.5883991e-04
   6.4329915e-04
   6.2226436e-04
   5.9645038e-04
   5.6660120e-04
   5.3347760e-04
   4.9784487e-04
   4.6046095e-04
   4.2206508e-04
   3.8336721e-04
   3.4503827e-04
   3.0770152e-04
   2.7192503e-04
   2.3821538e-04
   2.0701278e-04
   1.7868744e-04
   1.5353735e-04
   1.3178741e-04
   1.1358991e-04
   9.9026130e-05
   8.8109201e-05
   8.0787938e-05
   7.6951591e-05
   7.6435359e-05
   7.9026522e-05
   8.4471038e-05
   9.2480453e-05
   1.0273896e-04
   1.1491049e-04
   1.2864566e-04
   1.4358849e-04
   1.5938279e-04
   1.7567799e-04
   1.9213459e-04
   2.0842887e-04
   2.2425703e-04
   2.3933862e-04
   2.5341931e-04
   2.6627292e-04
   2.7770281e-04
   2.8754256e-04
   2.9565614e-04
   3.0193740e-04
   3.0630914e-04
   3.0872174e-04
   3.0915135e-04
   3.0759796e-04
   3.0408306e-04
   2.9864737e-04
   2.9134835e-04
   2.8225787e-04
   2.7145984e-04
   2.5904810e-04
   2.4512435e-04
   2.2979642e-04
   2.1317674e-04
   1.9538103e-04
   1.7652729e-04
   1.5673502e-04
   1.3612469e-04
   1.1481739e-04
   9.2934690e-05
   7.0598600e-05
   4.7931692e-05
   2.5057229e-05
   2.0993477e-06
  -2.0816800e-05
  -4.3564959e-05
  -6.6017785e-05
  -8.8046993e-05
  -1.0952366e-04
  -1.3031872e-04
  -1.5030361e-04
  -1.6935113e-04
  -1.8733651e-04
  -2.0413862e-04
  -2.1964127e-04
  -2.3373476e-04
  -2.4631742e-04
  -2.5729717e-04
  -2.6659319e-04
  -2.7413741e-04
  -2.7987600e-04
  -2.8377066e-04
  -2.8579976e-04
  -2.8595923e-04
  -2.8426320e-04
  -2.8074430e-04
  -2.7545372e-04
  -2.6846088e-04
  -2.5985275e-04
  -2.4973289e-04
  -2.3822006e-04
  -2.2544665e-04
  -2.1155671e-04
  -1.9670379e-04
  -1.8104856e-04
  -1.6475627e-04
  -1.4799410e-04
  -1.3092850e-04
  -1.1372242e-04
  -9.6532778e-05
  -7.9507875e-05
  -6.2785136e-05
  -4.6489005e-05
  -3.0729154e-05
  -1.5599017e-05
  -1.1746895e-06
   1.2485777e-05
   2.5342669e-05
   3.7374473e-05
   4.8577311e-05
   5.8963948e-05
   6.8562395e-05
   7.7414130e-05
   8.5571977e-05
   9.3097690e-05
   1.0005930e-04
   1.0652827e-04
   1.1257661e-04
   1.1827384e-04
   1.2368413e-04
   1.2886351e-04
   1.3385720e-04
   1.3869738e-04
   1.4340112e-04
   1.4796880e-04
   1.5238296e-04
   1.5660761e-04
   1.6058808e-04
   1.6425136e-04
   1.6750705e-04
   1.7024874e-04
   1.7235601e-04
   1.7369679e-04
   1.7413027e-04
   1.7351006e-04
   1.7168775e-04
   1.6851668e-04
   1.6385583e-04
   1.5757376e-04
   1.4955262e-04
   1.3969192e-04
   1.2791214e-04
   1.1415807e-04
   9.8401763e-05
   8.0645002e-05
   6.0921306e-05
   3.9297348e-05
   1.5873771e-05
  -9.2146251e-06
  -3.5799354e-05
  -6.3679361e-05
  -9.2622782e-05
  -1.2236932e-04
  -1.5263320e-04
  -1.8310669e-04
  -2.1346403e-04
  -2.4336584e-04
  -2.7246386e-04
  -3.0040590e-04
  -3.2684101e-04
  -3.5142473e-04
  -3.7382434e-04
  -3.9372400e-04
  -4.1082977e-04
  -4.2487431e-04
  -4.3562126e-04
  -4.4286925e-04
  -4.4645542e-04
  -4.4625832e-04
  -4.4220039e-04
  -4.3424961e-04
  -4.2242066e-04
  -4.0677531e-04
  -3.8742212e-04
  -3.6451542e-04
  -3.3825372e-04
  -3.0887727e-04
  -2.7666516e-04
  -2.4193174e-04
  -2.0502250e-04
  -1.6630955e-04
  -1.2618660e-04
  -8.5063719e-05
  -4.3361760e-05
  -1.5067027e-06
   4.0076101e-05
   8.0967641e-05
   1.2076084e-04
   1.5906595e-04
   1.9551562e-04
   2.2976968e-04
   2.6151936e-04
   2.9049109e-04
   3.1644974e-04
   3.3920121e-04
   3.5859441e-04
   3.7452255e-04
   3.8692381e-04
   3.9578129e-04
   4.0112228e-04
   4.0301696e-04
   4.0157637e-04
   3.9694996e-04
   3.8932249e-04
   3.7891051e-04
   3.6595848e-04
   3.5073451e-04
   3.3352587e-04
   3.1463427e-04
   2.9437112e-04
   2.7305269e-04
   2.5099533e-04
   2.2851084e-04
   2.0590198e-04
   1.8345831e-04
   1.6145225e-04
   1.4013557e-04
   1.1973632e-04
   1.0045616e-04
   8.2468203e-05
   6.5915377e-05
   5.0909333e-05
   3.7529855e-05
   2.5824832e-05
   1.5810746e-05
   7.4736710e-06
   7.7075474e-07
  -4.3678576e-06
  -8.0366901e-06
  -1.0352249e-05
  -1.1450036e-05
  -1.1481311e-05
  -1.0609694e-05
  -9.0076339e-06
  -6.8528520e-06
  -4.3247949e-06
  -1.6011826e-06
   1.1452926e-06
   3.7500583e-06
   6.0594905e-06
   7.9334331e-06
   9.2473700e-06
   9.8942215e-06
   9.7857410e-06
   8.8535040e-06
   7.0494829e-06
   4.3462155e-06
   7.3657946e-07
  -3.7668062e-06
  -9.1325253e-06
  -1.5311621e-05
  -2.2239128e-05
  -2.9835839e-05
  -3.8010257e-05
  -4.6660699e-05
  -5.5677484e-05
  -6.4945185e-05
  -7.4344877e-05
  -8.3756347e-05
  -9.3060230e-05
  -1.0214002e-04
  -1.1088393e-04
  -1.1918660e-04
  -1.2695053e-04
  -1.3408740e-04
  -1.4051905e-04
  -1.4617825e-04
  -1.5100931e-04
  -1.5496829e-04
  -1.5802314e-04
  -1.6015350e-04
  -1.6135039e-04
  -1.6161569e-04
  -1.6096141e-04
  -1.5940896e-04
  -1.5698820e-04
  -1.5373644e-04
  -1.4969748e-04
  -1.4492051e-04
  -1.3945908e-04
  -1.3337014e-04
  -1.2671305e-04
  -1.1954870e-04
  -1.1193876e-04
  -1.0394492e-04
  -9.5628350e-05
  -8.7049197e-05
  -7.8266196e-05
  -6.9336410e-05
  -6.0315044e-05
  -5.1255360e-05
  -4.2208658e-05
  -3.3224328e-05
  -2.4349937e-05
  -1.5631353e-05
  -7.1128785e-06
   1.1626228e-06
   9.1536169e-06
   1.6819828e-05
   2.4122214e-05
   3.1022997e-05
   3.7485757e-05
   4.3475600e-05
   4.8959383e-05
   5.3906016e-05
   5.8286820e-05
   6.2075949e-05
   6.5250844e-05
   6.7792738e-05
   6.9687170e-05
   7.0924510e-05
   7.1500480e-05
   7.1416635e-05
   7.0680820e-05
   6.9307550e-05
   6.7318332e-05
   6.4741883e-05
   6.1614260e-05
   5.7978878e-05
   5.3886403e-05
   4.9394537e-05
   4.4567667e-05
   3.9476400e-05
   3.4196976e-05
   2.8810564e-05
   2.3402456e-05
   1.8061161e-05
