   1.6985839e-02
   6.9275756e-02
   1.1873781e-01
   1.6465995e-01
   2.0636081e-01
   2.4320486e-01
   2.7461693e-01
   3.0009593e-01
   3.1922722e-01
   3.3169365e-01
   3.3728483e-01
   3.3590456e-01
   3.2757614e-01
   3.1244553e-01
   2.9078224e-01
   2.6297783e-01
   2.2954216e-01
   1.9109728e-01
   1.4836925e-01
   1.0217773e-01
   5.3423858e-02
   3.0763283e-03
  -4.7843886e-02
  -9.8279974e-02
  -1.4715656e-01
  -1.9339751e-01
  -2.3594391e-01
  -2.7377187e-01
  -3.0590995e-01
  -3.3145566e-01
  -3.4959098e-01
  -3.5959645e-01
  -3.6086367e-01
  -3.5290598e-01
  -3.3536706e-01
  -3.0802748e-01
  -2.7080894e-01
  -2.2377613e-01
  -1.6713639e-01
  -1.0123697e-01
  -2.6560072e-02
   5.6284172e-02
   1.4656678e-01
   2.4345072e-01
   3.4600333e-01
   4.5320999e-01
   5.6398894e-01
   6.7720682e-01
   7.9169466e-01
   9.0626413e-01
   1.0197236e+00
   1.1308937e+00
   1.2386227e+00
   1.3418002e+00
   1.4393702e+00
   1.5303431e+00
   1.6138057e+00
   1.6889300e+00
   1.7549804e+00
   1.8113198e+00
   1.8574130e+00
   1.8928295e+00
   1.9172447e+00
   1.9304396e+00
   1.9322987e+00
   1.9228079e+00
   1.9020499e+00
   1.8701997e+00
   1.8275184e+00
   1.7743471e+00
   1.7110990e+00
   1.6382522e+00
   1.5563410e+00
   1.4659476e+00
   1.3676933e+00
   1.2622297e+00
   1.1502302e+00
   1.0323813e+00
   9.0937505e-01
   7.8190094e-01
   6.5063939e-01
   5.1625538e-01
   3.7939323e-01
   2.4067212e-01
   1.0068282e-01
  -4.0014631e-02
  -1.8089205e-01
  -3.2145315e-01
  -4.6123242e-01
  -5.9979305e-01
  -7.3672382e-01
  -8.7163519e-01
  -1.0041547e+00
  -1.1339219e+00
  -1.2605827e+00
  -1.3837840e+00
  -1.5031680e+00
  -1.6183668e+00
  -1.7289977e+00
  -1.8346586e+00
  -1.9349250e+00
  -2.0293474e+00
  -2.1174497e+00
  -2.1987292e+00
  -2.2726581e+00
  -2.3386853e+00
  -2.3962411e+00
  -2.4447416e+00
  -2.4835958e+00
  -2.5122134e+00
  -2.5300131e+00
  -2.5364331e+00
  -2.5309413e+00
  -2.5130469e+00
  -2.4823119e+00
  -2.4383632e+00
  -2.3809043e+00
  -2.3097273e+00
  -2.2247236e+00
  -2.1258942e+00
  -2.0133597e+00
  -1.8873675e+00
  -1.7482995e+00
  -1.5966763e+00
  -1.4331612e+00
  -1.2585612e+00
  -1.0738266e+00
  -8.8004811e-01
  -6.7845196e-01
  -4.7039282e-01
  -2.5734435e-01
  -4.0887577e-02
   1.7730290e-01
   3.9547478e-01
   6.1181594e-01
   8.2447401e-01
   1.0315776e+00
   1.2312590e+00
   1.4216771e+00
   1.6010421e+00
   1.7676397e+00
   1.9198549e+00
   2.0561961e+00
   2.1753169e+00
   2.2760377e+00
   2.3573641e+00
   2.4185038e+00
   2.4588801e+00
   2.4781432e+00
   2.4761771e+00
   2.4531043e+00
   2.4092862e+00
   2.3453202e+00
   2.2620334e+00
   2.1604733e+00
   2.0418948e+00
   1.9077445e+00
   1.7596430e+00
   1.5993639e+00
   1.4288116e+00
   1.2499974e+00
   1.0650136e+00
   8.7600780e-01
   6.8515614e-01
   4.9463620e-01
   3.0660055e-01
   1.2315058e-01
  -5.3688673e-02
  -2.2199264e-01
  -3.7995978e-01
  -5.2593253e-01
  -6.5841632e-01
  -7.7609655e-01
  -8.7785327e-01
  -9.6277357e-01
  -1.0301615e+00
  -1.0795454e+00
  -1.1106827e+00
  -1.1235623e+00
  -1.1184040e+00
  -1.0956554e+00
  -1.0559863e+00
  -1.0002808e+00
  -9.2962620e-01
  -8.4530003e-01
  -7.4875494e-01
  -6.4160110e-01
  -5.2558687e-01
  -4.0257775e-01
  -2.7453384e-01
  -1.4348603e-01
  -1.1511251e-02
   1.1929304e-01
   2.4683473e-01
   3.6905310e-01
   4.8394473e-01
   5.8958893e-01
   6.8417252e-01
   7.6601360e-01
   8.3358416e-01
   8.8553123e-01
   9.2069634e-01
   9.3813314e-01
   9.3712289e-01
   9.1718768e-01
   8.7810125e-01
   8.1989716e-01
   7.4287416e-01
   6.4759871e-01
   5.3490445e-01
   4.0588843e-01
   2.6190408e-01
   1.0455081e-01
  -6.4339868e-02
  -2.4272173e-01
  -4.2835457e-01
  -6.1882835e-01
  -8.1159051e-01
  -1.0039762e+00
  -1.1932411e+00
  -1.3765969e+00
  -1.5512483e+00
  -1.7144316e+00
  -1.8634540e+00
  -1.9957338e+00
  -2.1088397e+00
  -2.2005292e+00
  -2.2687862e+00
  -2.3118549e+00
  -2.3282724e+00
  -2.3168964e+00
  -2.2769295e+00
  -2.2079385e+00
  -2.1098688e+00
  -1.9830528e+00
  -1.8282138e+00
  -1.6464626e+00
  -1.4392890e+00
  -1.2085480e+00
  -9.5643934e-01
  -6.8548252e-01
  -3.9848652e-01
  -9.8515064e-02
   2.1115213e-01
   5.2706159e-01
   8.4563103e-01
   1.1631966e+00
   1.4760612e+00
   1.7805440e+00
   2.0730293e+00
   2.3500151e+00
   2.6081597e+00
   2.8443262e+00
   3.0556242e+00
   3.2394477e+00
   3.3935093e+00
   3.5158695e+00
   3.6049609e+00
   3.6596080e+00
   3.6790405e+00
   3.6629014e+00
   3.6112500e+00
   3.5245583e+00
   3.4037028e+00
   3.2499506e+00
   3.0649404e+00
   2.8506592e+00
   2.6094147e+00
   2.3438030e+00
   2.0566744e+00
   1.7510947e+00
   1.4303058e+00
   1.0976835e+00
   7.5669481e-01
   4.1085462e-01
   6.3682578e-02
  -2.8133932e-01
  -6.2080777e-01
  -9.5143745e-01
  -1.2700979e+00
  -1.5738479e+00
  -1.8599664e+00
  -2.1259803e+00
  -2.3696883e+00
  -2.5891811e+00
  -2.7828575e+00
  -2.9494358e+00
  -3.0879615e+00
  -3.1978105e+00
  -3.2786879e+00
  -3.3306230e+00
  -3.3539598e+00
  -3.3493443e+00
  -3.3177079e+00
  -3.2602476e+00
  -3.1784036e+00
  -3.0738349e+00
  -2.9483916e+00
  -2.8040875e+00
  -2.6430699e+00
  -2.4675900e+00
  -2.2799722e+00
  -2.0825845e+00
  -1.8778082e+00
  -1.6680100e+00
  -1.4555136e+00
  -1.2425746e+00
  -1.0313555e+00
  -8.2390406e-01
  -6.2213250e-01
  -4.2780017e-01
  -2.4249793e-01
  -6.7635328e-02
   9.5569641e-02
   2.4609814e-01
   3.8313542e-01
   5.0607304e-01
   6.1450853e-01
   7.0824243e-01
   7.8727291e-01
   8.5178795e-01
   9.0215537e-01
   9.3891080e-01
   9.6274380e-01
   9.7448234e-01
   9.7507593e-01
   9.6557756e-01
   9.4712485e-01
   9.2092056e-01
   8.8821287e-01
   8.5027555e-01
   8.0838848e-01
   7.6381869e-01
   7.1780218e-01
   6.7152674e-01
   6.2611615e-01
   5.8261564e-01
   5.4197917e-01
   5.0505827e-01
   4.7259287e-01
   4.4520401e-01
   4.2338848e-01
   4.0751557e-01
   3.9782561e-01
   3.9443058e-01
   3.9731650e-01
   4.0634758e-01
   4.2127202e-01
   4.4172932e-01
   4.6725892e-01
   4.9731006e-01
   5.3125264e-01
   5.6838896e-01
   6.0796607e-01
   6.4918876e-01
   6.9123273e-01
   7.3325802e-01
   7.7442250e-01
   8.1389515e-01
   8.5086912e-01
   8.8457438e-01
   9.1428978e-01
   9.3935446e-01
   9.5917844e-01
   9.7325215e-01
   9.8115499e-01
   9.8256258e-01
   9.7725266e-01
   9.6510958e-01
   9.4612717e-01
   9.2041003e-01
   8.8817306e-01
   8.4973931e-01
   8.0553603e-01
   7.5608902e-01
   7.0201532e-01
   6.4401433e-01
   5.8285745e-01
   5.1937644e-01
   4.5445064e-01
   3.8899327e-01
   3.2393698e-01
   2.6021894e-01
   1.9876563e-01
   1.4047765e-01
   8.6214690e-02
   3.6780968e-02
  -7.0886257e-03
  -4.4741519e-02
  -7.5619319e-02
  -9.9268374e-02
  -1.1534886e-01
  -1.2364221e-01
  -1.2405680e-01
  -1.1663173e-01
  -1.0153866e-01
  -7.9081531e-02
  -4.9694335e-02
  -1.3936675e-02
   2.7512673e-02
   7.3864250e-02
   1.2422835e-01
   1.7762727e-01
   2.3300932e-01
   2.8926427e-01
   3.4524016e-01
   3.9976125e-01
   4.5164670e-01
   4.9972984e-01
   5.4287768e-01
   5.8001024e-01
   6.1011945e-01
   6.3228721e-01
   6.4570224e-01
   6.4967530e-01
   6.4365257e-01
   6.2722663e-01
   6.0014496e-01
   5.6231559e-01
   5.1380965e-01
   4.5486082e-01
   3.8586144e-01
   3.0735546e-01
   2.2002813e-01
   1.2469271e-01
   2.2274463e-02
  -8.6207942e-02
  -1.9966298e-01
  -3.1694850e-01
  -4.3689511e-01
  -5.5833006e-01
  -6.8010124e-01
  -8.0110058e-01
  -9.2028636e-01
  -1.0367038e+00
  -1.1495034e+00
  -1.2579572e+00
  -1.3614708e+00
  -1.4595935e+00
  -1.5520235e+00
  -1.6386101e+00
  -1.7193517e+00
  -1.7943902e+00
  -1.8640011e+00
  -1.9285803e+00
  -1.9886280e+00
  -2.0447288e+00
  -2.0975301e+00
  -2.1477174e+00
  -2.1959895e+00
  -2.2430313e+00
  -2.2894868e+00
  -2.3359332e+00
  -2.3828543e+00
  -2.4306167e+00
  -2.4794475e+00
  -2.5294147e+00
  -2.5804107e+00
  -2.6321397e+00
  -2.6841084e+00
  -2.7356214e+00
  -2.7857811e+00
  -2.8334916e+00
  -2.8774680e+00
  -2.9162497e+00
  -2.9482187e+00
  -2.9716214e+00
  -2.9845957e+00
  -2.9852004e+00
  -2.9714489e+00
  -2.9413453e+00
  -2.8929229e+00
  -2.8242842e+00
  -2.7336419e+00
  -2.6193602e+00
  -2.4799956e+00
  -2.3143362e+00
  -2.1214390e+00
  -1.9006645e+00
  -1.6517079e+00
  -1.3746253e+00
  -1.0698558e+00
  -7.3823805e-01
  -3.8102066e-01
   1.3325547e-04
   4.0314825e-01
   8.2554535e-01
   1.2644577e+00
   1.7166528e+00
   2.1785620e+00
   2.6463156e+00
   3.1157846e+00
   3.5826284e+00
   4.0423472e+00
   4.4903386e+00
   4.9219587e+00
   5.3325854e+00
   5.7176839e+00
   6.0728729e+00
   6.3939902e+00
   6.6771580e+00
   6.9188448e+00
   7.1159234e+00
   7.2657252e+00
   7.3660874e+00
   7.4153942e+00
   7.4126094e+00
   7.3573014e+00
   7.2496575e+00
   7.0904903e+00
   6.8812326e+00
   6.6239232e+00
   6.3211823e+00
   5.9761774e+00
   5.5925803e+00
   5.1745157e+00
   4.7265013e+00
   4.2533826e+00
   3.7602612e+00
   3.2524196e+00
   2.7352421e+00
   2.2141352e+00
   1.6944478e+00
   1.1813924e+00
   6.7996977e-01
   1.9489798e-01
  -2.6945339e-01
  -7.0912185e-01
  -1.1206030e+00
  -1.5008930e+00
  -1.8475216e+00
  -2.1585760e+00
  -2.4327141e+00
  -2.6691686e+00
  -2.8677411e+00
  -3.0287862e+00
  -3.1531878e+00
  -3.2423267e+00
  -3.2980404e+00
  -3.3225776e+00
  -3.3185462e+00
  -3.2888576e+00
  -3.2366670e+00
  -3.1653126e+00
  -3.0782525e+00
  -2.9790023e+00
  -2.8710736e+00
  -2.7579142e+00
  -2.6428516e+00
  -2.5290402e+00
  -2.4194127e+00
  -2.3166375e+00
  -2.2230811e+00
  -2.1407778e+00
  -2.0714050e+00
  -2.0162668e+00
  -1.9762830e+00
  -1.9519868e+00
  -1.9435279e+00
  -1.9506836e+00
  -1.9728746e+00
  -2.0091884e+00
  -2.0584061e+00
  -2.1190350e+00
  -2.1893448e+00
  -2.2674067e+00
  -2.3511350e+00
  -2.4383301e+00
  -2.5267227e+00
  -2.6140179e+00
  -2.6979377e+00
  -2.7762631e+00
  -2.8468737e+00
  -2.9077840e+00
  -2.9571771e+00
  -2.9934340e+00
  -3.0151590e+00
  -3.0212010e+00
  -3.0106691e+00
  -2.9829444e+00
  -2.9376866e+00
  -2.8748362e+00
  -2.7946115e+00
  -2.6975016e+00
  -2.5842561e+00
  -2.4558693e+00
  -2.3135625e+00
  -2.1587628e+00
  -1.9930786e+00
  -1.8182738e+00
  -1.6362396e+00
  -1.4489650e+00
  -1.2585060e+00
  -1.0669548e+00
  -8.7640833e-01
  -6.8893701e-01
  -5.0655417e-01
  -3.3118619e-01
  -1.6464387e-01
  -8.5951806e-03
   1.3546024e-01
   2.6621470e-01
   3.8257376e-01
   4.8367522e-01
   5.6890539e-01
   6.3791253e-01
   6.9061729e-01
   7.2721992e-01
   7.4820414e-01
   7.5433751e-01
   7.4666821e-01
   7.2651798e-01
   6.9547136e-01
   6.5536088e-01
   6.0824842e-01
   5.5640260e-01
   5.0227220e-01
   4.4845592e-01
   3.9766847e-01
   3.5270327e-01
   3.1639214e-01
   2.9156220e-01
   2.8099064e-01
   2.8735770e-01
   3.1319852e-01
   3.6085454e-01
   4.3242515e-01
   5.2972030e-01
   6.5421498e-01
   8.0700632e-01
   9.8877417e-01
   1.1997461e+00
   1.4396676e+00
   1.7077779e+00
   2.0027936e+00
   2.3228980e+00
   2.6657402e+00
   3.0284416e+00
   3.4076115e+00
   3.7993720e+00
   4.1993919e+00
   4.6029297e+00
   5.0048856e+00
   5.3998623e+00
   5.7822332e+00
   6.1462185e+00
   6.4859676e+00
   6.7956465e+00
   7.0695298e+00
   7.3020954e+00
   7.4881199e+00
   7.6227748e+00
   7.7017193e+00
   7.7211901e+00
   7.6780858e+00
   7.5700434e+00
   7.3955060e+00
   7.1537798e+00
   6.8450787e+00
   6.4705556e+00
   6.0323185e+00
   5.5334309e+00
   4.9778964e+00
   4.3706261e+00
   3.7173891e+00
   3.0247477e+00
   2.2999752e+00
   1.5509605e+00
   7.8609728e-01
   1.4162697e-02
  -7.5581553e-01
  -1.5146997e+00
  -2.2533890e+00
  -2.9629694e+00
  -3.6348648e+00
  -4.2609854e+00
  -4.8338713e+00
  -5.3468268e+00
  -5.7940451e+00
  -6.1707168e+00
  -6.4731232e+00
  -6.6987097e+00
  -6.8461383e+00
  -6.9153186e+00
  -6.9074147e+00
  -6.8248294e+00
  -6.6711642e+00
  -6.4511578e+00
  -6.1706024e+00
  -5.8362404e+00
  -5.4556439e+00
  -5.0370784e+00
  -4.5893544e+00
  -4.1216687e+00
  -3.6434396e+00
  -3.1641378e+00
  -2.6931171e+00
  -2.2394471e+00
  -1.8117518e+00
  -1.4180564e+00
  -1.0656450e+00
  -7.6093258e-01
  -5.0935193e-01
  -3.1525972e-01
  -1.8186147e-01
  -1.1115790e-01
  -1.0391317e-01
  -1.5964571e-01
  -2.7664180e-01
  -4.5199167e-01
  -6.8164739e-01
  -9.6050166e-01
  -1.2824858e+00
  -1.6406856e+00
  -2.0274719e+00
  -2.4346450e+00
  -2.8535887e+00
  -3.2754322e+00
  -3.6912158e+00
  -4.0920586e+00
  -4.4693238e+00
  -4.8147796e+00
  -5.1207520e+00
  -5.3802670e+00
  -5.5871794e+00
  -5.7362865e+00
  -5.8234232e+00
  -5.8455382e+00
  -5.8007491e+00
  -5.6883748e+00
  -5.5089461e+00
  -5.2641918e+00
  -4.9570029e+00
  -4.5913732e+00
  -4.1723192e+00
  -3.7057794e+00
  -3.1984950e+00
  -2.6578749e+00
  -2.0918472e+00
  -1.5087002e+00
  -9.1691542e-01
  -3.2499745e-01
   2.5869715e-01
   8.2612797e-01
   1.3697322e+00
   1.8825763e+00
   2.3584935e+00
   2.7922061e+00
   3.1794270e+00
   3.5169406e+00
   3.8026593e+00
   4.0356556e+00
   4.2161679e+00
   4.3455805e+00
   4.4263780e+00
   4.4620752e+00
   4.4571233e+00
   4.4167961e+00
   4.3470574e+00
   4.2544130e+00
   4.1457516e+00
   4.0281761e+00
   3.9088323e+00
   3.7947354e+00
   3.6926007e+00
   3.6086820e+00
   3.5486204e+00
   3.5173080e+00
   3.5187693e+00
   3.5560630e+00
   3.6312058e+00
   3.7451205e+00
   3.8976080e+00
   4.0873456e+00
   4.3119085e+00
   4.5678166e+00
   4.8506033e+00
   5.1549059e+00
   5.4745745e+00
   5.8027969e+00
   6.1322378e+00
   6.4551879e+00
   6.7637200e+00
   7.0498502e+00
   7.3056988e+00
   7.5236498e+00
   7.6965043e+00
   7.8176264e+00
   7.8810777e+00
   7.8817379e+00
   7.8154102e+00
   7.6789084e+00
   7.4701253e+00
   7.1880790e+00
   6.8329393e+00
   6.4060308e+00
   5.9098152e+00
   5.3478519e+00
   4.7247382e+00
   4.0460318e+00
   3.3181548e+00
   2.5482845e+00
   1.7442303e+00
   9.1430254e-01
   6.7172332e-02
  -7.8827122e-01
  -1.6430660e+00
  -2.4883202e+00
  -3.3153519e+00
  -4.1158223e+00
  -4.8818603e+00
  -5.6061773e+00
  -6.2821699e+00
  -6.9040084e+00
  -7.4667119e+00
  -7.9662063e+00
  -8.3993660e+00
  -8.7640379e+00
  -9.0590472e+00
  -9.2841848e+00
  -9.4401765e+00
  -9.5286357e+00
  -9.5519988e+00
  -9.5134477e+00
  -9.4168185e+00
  -9.2665014e+00
  -9.0673331e+00
  -8.8244841e+00
  -8.5433457e+00
  -8.2294168e+00
  -7.8881961e+00
  -7.5250794e+00
  -7.1452657e+00
  -6.7536737e+00
  -6.3548685e+00
  -5.9530015e+00
  -5.5517620e+00
  -5.1543423e+00
  -4.7634161e+00
  -4.3811291e+00
  -4.0091024e+00
  -3.6484475e+00
  -3.2997917e+00
  -2.9633136e+00
  -2.6387860e+00
  -2.3256269e+00
  -2.0229547e+00
  -1.7296485e+00
  -1.4444097e+00
  -1.1658252e+00
  -8.9242949e-01
  -6.2276445e-01
  -3.5543570e-01
  -8.9164033e-02
   1.7716891e-01
   4.4448154e-01
   7.1346041e-01
   9.8453553e-01
   1.2578633e+00
   1.5333164e+00
   1.8104813e+00
   2.0886617e+00
   2.3668883e+00
   2.6439342e+00
   2.9183356e+00
   3.1884160e+00
   3.4523153e+00
   3.7080212e+00
   3.9534039e+00
   4.1862524e+00
   4.4043114e+00
   4.6053201e+00
   4.7870499e+00
   4.9473417e+00
   5.0841421e+00
   5.1955381e+00
   5.2797892e+00
   5.3353577e+00
   5.3609352e+00
   5.3554676e+00
   5.3181754e+00
   5.2485721e+00
   5.1464778e+00
   5.0120306e+00
   4.8456937e+00
   4.6482591e+00
   4.4208478e+00
   4.1649062e+00
   3.8821991e+00
   3.5747990e+00
   3.2450714e+00
   2.8956578e+00
   2.5294543e+00
   2.1495870e+00
   1.7593846e+00
   1.3623476e+00
   9.6211482e-01
   5.6242718e-01
   1.6708912e-01
  -2.2007195e-01
  -5.9524801e-01
  -9.5469409e-01
  -1.2947730e+00
  -1.6120004e+00
  -1.9030903e+00
  -2.1650001e+00
  -2.3949744e+00
  -2.5905874e+00
  -2.7497841e+00
  -2.8709171e+00
  -2.9527805e+00
  -2.9946394e+00
  -2.9962538e+00
  -2.9578958e+00
  -2.8803612e+00
  -2.7649719e+00
  -2.6135722e+00
  -2.4285152e+00
  -2.2126418e+00
  -1.9692504e+00
  -1.7020594e+00
  -1.4151602e+00
  -1.1129647e+00
  -8.0014505e-01
  -4.8156785e-01
  -1.6222393e-01
   1.5284593e-01
   4.5862783e-01
   7.5021303e-01
   1.0228764e+00
   1.2721540e+00
   1.4939178e+00
   1.6844476e+00
   1.8404971e+00
   1.9593542e+00
   2.0388934e+00
   2.0776203e+00
   2.0747054e+00
   2.0300083e+00
   1.9440895e+00
   1.8182110e+00
   1.6543246e+00
   1.4550470e+00
   1.2236237e+00
   9.6388040e-01
   6.8016412e-01
   3.7727380e-01
   6.0382731e-02
  -2.6504626e-01
  -5.9335111e-01
  -9.1876455e-01
  -1.2355101e+00
  -1.5378986e+00
  -1.8204225e+00
  -2.0778481e+00
  -2.3053017e+00
  -2.4983506e+00
  -2.6530758e+00
  -2.7661359e+00
  -2.8348208e+00
  -2.8570952e+00
  -2.8316296e+00
  -2.7578201e+00
  -2.6357959e+00
  -2.4664142e+00
  -2.2512445e+00
  -1.9925408e+00
  -1.6932042e+00
  -1.3567359e+00
  -9.8718230e-01
  -5.8907325e-01
  -1.6735428e-01
   2.7268503e-01
   7.2548612e-01
   1.1852985e+00
   1.6462573e+00
   2.1024615e+00
   2.5480496e+00
   2.9772743e+00
   3.3845738e+00
   3.7646389e+00
   4.1124760e+00
   4.4234643e+00
   4.6934078e+00
   4.9185800e+00
   5.0957626e+00
   5.2222770e+00
   5.2960084e+00
   5.3154230e+00
   5.2795775e+00
   5.1881227e+00
   5.0412990e+00
   4.8399265e+00
   4.5853890e+00
   4.2796118e+00
   3.9250352e+00
   3.5245831e+00
   3.0816271e+00
   2.5999472e+00
   2.0836894e+00
   1.5373197e+00
   9.6557664e-01
   3.7342145e-01
  -2.3401330e-01
  -8.5147562e-01
  -1.4736465e+00
  -2.0951921e+00
  -2.7108155e+00
  -3.3153063e+00
  -3.9035899e+00
  -4.4707729e+00
  -5.0121869e+00
  -5.5234285e+00
  -6.0003959e+00
  -6.4393217e+00
  -6.8368009e+00
  -7.1898157e+00
  -7.4957544e+00
  -7.7524266e+00
  -7.9580739e+00
  -8.1113755e+00
  -8.2114503e+00
  -8.2578538e+00
  -8.2505722e+00
  -8.1900118e+00
  -8.0769858e+00
  -7.9126978e+00
  -7.6987222e+00
  -7.4369826e+00
  -7.1297284e+00
  -6.7795093e+00
  -6.3891482e+00
  -5.9617135e+00
  -5.5004901e+00
  -5.0089503e+00
  -4.4907238e+00
  -3.9495679e+00
  -3.3893382e+00
  -2.8139586e+00
  -2.2273924e+00
  -1.6336143e+00
  -1.0365819e+00
  -4.4020920e-01
   1.5166030e-01
   7.3527838e-01
   1.3070166e+00
   1.8633894e+00
   2.4010755e+00
   2.9169379e+00
   3.4080425e+00
   3.8716745e+00
   4.3053529e+00
   4.7068431e+00
   5.0741676e+00
   5.4056151e+00
   5.6997468e+00
   5.9554019e+00
   6.1717009e+00
   6.3480474e+00
   6.4841287e+00
   6.5799145e+00
   6.6356551e+00
   6.6518776e+00
   6.6293812e+00
   6.5692315e+00
   6.4727529e+00
   6.3415201e+00
   6.1773475e+00
   5.9822775e+00
   5.7585672e+00
   5.5086729e+00
   5.2352337e+00
   4.9410534e+00
   4.6290799e+00
   4.3023840e+00
   3.9641365e+00
   3.6175826e+00
   3.2660167e+00
   2.9127538e+00
   2.5611007e+00
   2.2143255e+00
   1.8756266e+00
   1.5481005e+00
   1.2347092e+00
   9.3824833e-01
   6.6131519e-01
   4.0627789e-01
   1.7524609e-01
  -2.9956303e-02
  -2.0781595e-01
  -3.5715188e-01
  -4.7713382e-01
  -5.6729672e-01
  -6.2755097e-01
  -6.5818812e-01
  -6.5988175e-01
  -6.3368328e-01
  -5.8101269e-01
  -5.0364403e-01
  -4.0368568e-01
  -2.8355560e-01
  -1.4595171e-01
   6.1823043e-03
   1.6969524e-01
   3.4127037e-01
   5.1747043e-01
   6.9478507e-01
   8.6967999e-01
   1.0386471e+00
   1.1982549e+00
   1.3451979e+00
   1.4763455e+00
   1.5887875e+00
   1.6798775e+00
   1.7472722e+00
   1.7889660e+00
   1.8033206e+00
   1.7890891e+00
   1.7454329e+00
   1.6719331e+00
   1.5685941e+00
   1.4358408e+00
   1.2745081e+00
   1.0858246e+00
   8.7138913e-01
   6.3314158e-01
   3.7332855e-01
   9.4464212e-02
  -2.0071258e-01
  -5.0928425e-01
  -8.2820263e-01
  -1.1543383e+00
  -1.4845305e+00
  -1.8156362e+00
  -2.1445788e+00
  -2.4683933e+00
  -2.7842699e+00
  -3.0895935e+00
  -3.3819785e+00
  -3.6592994e+00
  -3.9197161e+00
  -4.1616924e+00
  -4.3840093e+00
  -4.5857715e+00
  -4.7664074e+00
  -4.9256626e+00
  -5.0635874e+00
  -5.1805174e+00
  -5.2770502e+00
  -5.3540153e+00
  -5.4124407e+00
  -5.4535159e+00
  -5.4785514e+00
  -5.4889370e+00
  -5.4860983e+00
  -5.4714544e+00
  -5.4463745e+00
  -5.4121386e+00
  -5.3698991e+00
  -5.3206468e+00
  -5.2651815e+00
  -5.2040865e+00
  -5.1377101e+00
  -5.0661520e+00
  -4.9892564e+00
  -4.9066122e+00
  -4.8175585e+00
  -4.7211985e+00
  -4.6164178e+00
  -4.5019102e+00
  -4.3762087e+00
  -4.2377209e+00
  -4.0847695e+00
  -3.9156359e+00
  -3.7286067e+00
  -3.5220221e+00
  -3.2943251e+00
  -3.0441108e+00
  -2.7701744e+00
  -2.4715577e+00
  -2.1475925e+00
  -1.7979402e+00
  -1.4226269e+00
  -1.0220734e+00
  -5.9711900e-01
  -1.4903885e-01
   3.2044588e-01
   8.0916496e-01
   1.3145041e+00
   1.8334176e+00
   2.3624496e+00
   2.8977628e+00
   3.4351755e+00
   3.9702067e+00
   4.4981279e+00
   5.0140227e+00
   5.5128517e+00
   5.9895235e+00
   6.4389701e+00
   6.8562257e+00
   7.2365073e+00
   7.5752971e+00
   7.8684230e+00
   8.1121382e+00
   8.3031963e+00
   8.4389214e+00
   8.5172715e+00
   8.5368931e+00
   8.4971670e+00
   8.3982424e+00
   8.2410597e+00
   8.0273604e+00
   7.7596832e+00
   7.4413470e+00
   7.0764195e+00
   6.6696725e+00
   6.2265229e+00
   5.7529624e+00
   5.2554739e+00
   4.7409386e+00
   4.2165329e+00
   3.6896181e+00
   3.1676246e+00
   2.6579313e+00
   2.1677444e+00
   1.7039757e+00
   1.2731237e+00
   8.8116009e-01
   5.3342224e-01
   2.3451546e-01
  -1.1774065e-02
  -2.0255350e-01
  -3.3588333e-01
  -4.1082165e-01
  -4.2745187e-01
  -3.8689300e-01
  -2.9129215e-01
  -1.4379923e-01
   5.1476152e-02
   2.8952466e-01
   5.6451351e-01
   8.6987769e-01
   1.1984246e+00
   1.5424504e+00
   1.8938662e+00
   2.2443314e+00
   2.5853929e+00
   2.9086260e+00
   3.2057762e+00
   3.4688989e+00
   3.6904936e+00
   3.8636312e+00
   3.9820728e+00
   4.0403759e+00
   4.0339878e+00
   3.9593247e+00
   3.8138341e+00
   3.5960399e+00
   3.3055700e+00
   2.9431659e+00
   2.5106734e+00
   2.0110160e+00
   1.4481508e+00
   8.2700751e-01
   1.5341338e-01
  -5.6599652e-01
  -1.3238804e+00
  -2.1123011e+00
  -2.9228453e+00
  -3.7467487e+00
  -4.5750248e+00
  -5.3985949e+00
  -6.2084179e+00
  -6.9956163e+00
  -7.7515991e+00
  -8.4681763e+00
  -9.1376665e+00
  -9.7529944e+00
  -1.0307778e+01
  -1.0796402e+01
  -1.1214084e+01
  -1.1556918e+01
  -1.1821917e+01
  -1.2007028e+01
  -1.2111147e+01
  -1.2134113e+01
  -1.2076686e+01
  -1.1940525e+01
  -1.1728140e+01
  -1.1442848e+01
  -1.1088705e+01
  -1.0670439e+01
  -1.0193375e+01
  -9.6633497e+00
  -9.0866248e+00
  -8.4697947e+00
  -7.8196934e+00
  -7.1433000e+00
  -6.4476444e+00
  -5.7397148e+00
  -5.0263681e+00
  -4.3142439e+00
  -3.6096842e+00
  -2.9186588e+00
  -2.2466973e+00
  -1.5988296e+00
  -9.7953419e-01
  -3.9269570e-01
   1.5842825e-01
   6.7123050e-01
   1.1437678e+00
   1.5747647e+00
   1.9636071e+00
   2.3103269e+00
   2.6155769e+00
   2.8805972e+00
   3.1071741e+00
   3.2975903e+00
   3.4545701e+00
   3.5812183e+00
   3.6809546e+00
   3.7574445e+00
   3.8145286e+00
   3.8561496e+00
   3.8862801e+00
   3.9088515e+00
   3.9276850e+00
   3.9464256e+00
   3.9684817e+00
   3.9969682e+00
   4.0346575e+00
   4.0839363e+00
   4.1467701e+00
   4.2246761e+00
   4.3187037e+00
   4.4294242e+00
   4.5569281e+00
   4.7008318e+00
   4.8602919e+00
   5.0340270e+00
   5.2203473e+00
   5.4171904e+00
   5.6221632e+00
   5.8325886e+00
   6.0455566e+00
   6.2579782e+00
   6.4666421e+00
   6.6682723e+00
   6.8595857e+00
   7.0373494e+00
   7.1984358e+00
   7.3398754e+00
   7.4589053e+00
   7.5530142e+00
   7.6199813e+00
   7.6579101e+00
   7.6652554e+00
   7.6408438e+00
   7.5838868e+00
   7.4939873e+00
   7.3711390e+00
   7.2157181e+00
   7.0284696e+00
   6.8104867e+00
   6.5631849e+00
   6.2882713e+00
   5.9877094e+00
   5.6636809e+00
   5.3185447e+00
   4.9547944e+00
   4.5750147e+00
   4.1818377e+00
   3.7779009e+00
   3.3658057e+00
   2.9480791e+00
   2.5271378e+00
   2.1052567e+00
   1.6845406e+00
   1.2669009e+00
   8.5403699e-01
   4.4742211e-01
   4.8294782e-02
  -3.4234523e-01
  -7.2373604e-01
  -1.0953481e+00
  -1.4568741e+00
  -1.8082153e+00
  -2.1494634e+00
  -2.4808800e+00
  -2.8028724e+00
  -3.1159677e+00
  -3.4207844e+00
  -3.7180035e+00
  -4.0083381e+00
  -4.2925028e+00
  -4.5711838e+00
  -4.8450094e+00
  -5.1145219e+00
  -5.3801518e+00
  -5.6421934e+00
  -5.9007840e+00
  -6.1558860e+00
  -6.4072721e+00
  -6.6545151e+00
  -6.8969813e+00
  -7.1338278e+00
  -7.3640051e+00
  -7.5862633e+00
  -7.7991634e+00
  -8.0010920e+00
  -8.1902812e+00
  -8.3648318e+00
  -8.5227397e+00
  -8.6619262e+00
  -8.7802701e+00
  -8.8756424e+00
  -8.9459423e+00
  -8.9891341e+00
  -9.0032839e+00
  -8.9865965e+00
  -8.9374512e+00
  -8.8544352e+00
  -8.7363753e+00
  -8.5823671e+00
  -8.3917998e+00
  -8.1643784e+00
  -7.9001404e+00
  -7.5994689e+00
  -7.2631003e+00
  -6.8921271e+00
  -6.4879953e+00
  -6.0524963e+00
  -5.5877543e+00
  -5.0962080e+00
  -4.5805873e+00
  -4.0438859e+00
  -3.4893295e+00
  -2.9203403e+00
  -2.3404984e+00
  -1.7535006e+00
  -1.1631174e+00
  -5.7314876e-01
   1.2621048e-02
   5.9046795e-01
   1.1567721e+00
   1.7080606e+00
   2.2410478e+00
   2.7526728e+00
   3.2401346e+00
   3.7009226e+00
   4.1328429e+00
   4.5340409e+00
   4.9030179e+00
   5.2386434e+00
   5.5401616e+00
   5.8071926e+00
   6.0397288e+00
   6.2381245e+00
   6.4030823e+00
   6.5356330e+00
   6.6371118e+00
   6.7091300e+00
   6.7535432e+00
   6.7724159e+00
   6.7679841e+00
   6.7426155e+00
   6.6987681e+00
   6.6389494e+00
   6.5656738e+00
   6.4814225e+00
   6.3886034e+00
   6.2895142e+00
   6.1863071e+00
   6.0809578e+00
   5.9752369e+00
   5.8706864e+00
   5.7686001e+00
   5.6700087e+00
   5.5756703e+00
   5.4860644e+00
   5.4013926e+00
   5.3215824e+00
   5.2462971e+00
   5.1749489e+00
   5.1067169e+00
   5.0405682e+00
   4.9752831e+00
   4.9094825e+00
   4.8416579e+00
   4.7702033e+00
   4.6934485e+00
   4.6096930e+00
   4.5172405e+00
   4.4144326e+00
   4.2996822e+00
   4.1715051e+00
   4.0285502e+00
   3.8696274e+00
   3.6937322e+00
   3.5000683e+00
   3.2880659e+00
   3.0573972e+00
   2.8079870e+00
   2.5400206e+00
   2.2539467e+00
   1.9504768e+00
   1.6305798e+00
   1.2954738e+00
   9.4661291e-01
   5.8567095e-01
   2.1452188e-01
  -1.6478330e-01
  -5.5004224e-01
  -9.3892945e-01
  -1.3290265e+00
  -1.7178541e+00
  -2.1029045e+00
  -2.4816758e+00
  -2.8517049e+00
  -3.2106014e+00
  -3.5560790e+00
  -3.8859867e+00
  -4.1983371e+00
  -4.4913321e+00
  -4.7633863e+00
  -5.0131463e+00
  -5.2395060e+00
  -5.4416189e+00
  -5.6189049e+00
  -5.7710535e+00
  -5.8980226e+00
  -6.0000324e+00
  -6.0775551e+00
  -6.1313016e+00
  -6.1622029e+00
  -6.1713896e+00
  -6.1601676e+00
  -6.1299917e+00
  -6.0824376e+00
  -6.0191722e+00
  -5.9419229e+00
  -5.8524477e+00
  -5.7525041e+00
  -5.6438197e+00
  -5.5280639e+00
  -5.4068211e+00
  -5.2815656e+00
  -5.1536395e+00
  -5.0242327e+00
  -4.8943664e+00
  -4.7648788e+00
  -4.6364154e+00
  -4.5094216e+00
  -4.3841398e+00
  -4.2606094e+00
  -4.1386705e+00
  -4.0179720e+00
  -3.8979815e+00
  -3.7780004e+00
  -3.6571807e+00
  -3.5345458e+00
  -3.4090125e+00
  -3.2794171e+00
  -3.1445417e+00
  -3.0031430e+00
  -2.8539813e+00
  -2.6958508e+00
  -2.5276088e+00
  -2.3482049e+00
  -2.1567085e+00
  -1.9523352e+00
  -1.7344700e+00
  -1.5026888e+00
  -1.2567759e+00
  -9.9673842e-01
  -7.2281669e-01
  -4.3549093e-01
  -1.3548332e-01
   1.7624400e-01
   4.9849520e-01
   8.2985135e-01
   1.1686849e+00
   1.5131779e+00
   1.8613437e+00
   2.2110517e+00
   2.5600544e+00
   2.9060169e+00
   3.2465473e+00
   3.5792286e+00
   3.9016510e+00
   4.2114442e+00
   4.5063088e+00
   4.7840470e+00
   5.0425923e+00
   5.2800365e+00
   5.4946555e+00
   5.6849315e+00
   5.8495738e+00
   5.9875349e+00
   6.0980247e+00
   6.1805205e+00
   6.2347737e+00
   6.2608125e+00
   6.2589414e+00
   6.2297366e+00
   6.1740375e+00
   6.0929354e+00
   5.9877578e+00
   5.8600501e+00
   5.7115538e+00
   5.5441818e+00
   5.3599917e+00
   5.1611564e+00
   4.9499333e+00
   4.7286313e+00
   4.4995786e+00
   4.2650879e+00
   4.0274239e+00
   3.7887693e+00
   3.5511938e+00
   3.3166236e+00
   3.0868131e+00
   2.8633202e+00
   2.6474835e+00
   2.4404043e+00
   2.2429313e+00
   2.0556509e+00
   1.8788807e+00
   1.7126690e+00
   1.5567978e+00
   1.4107919e+00
   1.2739316e+00
   1.1452711e+00
   1.0236600e+00
   9.0776978e-01
   7.9612340e-01
   6.8712805e-01
   5.7911035e-01
   4.7035353e-01
   3.5913582e-01
   2.4376931e-01
   1.2263874e-01
  -5.7607259e-03
  -1.4278732e-01
  -2.8961891e-01
  -4.4722231e-01
  -6.1632629e-01
  -7.9739890e-01
  -9.9062964e-01
  -1.1959168e+00
  -1.4128603e+00
  -1.6407603e+00
  -1.8786217e+00
  -2.1251640e+00
  -2.3788374e+00
  -2.6378439e+00
  -2.9001630e+00
  -3.1635827e+00
  -3.4257337e+00
  -3.6841275e+00
  -3.9361960e+00
  -4.1793342e+00
  -4.4109425e+00
  -4.6284700e+00
  -4.8294564e+00
  -5.0115727e+00
  -5.1726591e+00
  -5.3107603e+00
  -5.4241566e+00
  -5.5113907e+00
  -5.5712899e+00
  -5.6029831e+00
  -5.6059126e+00
  -5.5798399e+00
  -5.5248468e+00
  -5.4413303e+00
  -5.3299930e+00
  -5.1918284e+00
  -5.0281015e+00
  -4.8403260e+00
  -4.6302373e+00
  -4.3997635e+00
  -4.1509933e+00
  -3.8861429e+00
  -3.6075223e+00
  -3.3175004e+00
  -3.0184716e+00
  -2.7128227e+00
  -2.4029021e+00
  -2.0909904e+00
  -1.7792743e+00
  -1.4698232e+00
  -1.1645694e+00
  -8.6529132e-01
  -5.7360100e-01
  -2.9093520e-01
  -1.8550206e-02
   2.4247963e-01
   4.9125979e-01
   7.2707025e-01
   9.4935709e-01
   1.1577214e+00
   1.3519061e+00
   1.5317804e+00
   1.6973236e+00
   1.8486071e+00
   1.9857763e+00
   2.1090329e+00
   2.2186166e+00
   2.3147890e+00
   2.3978180e+00
   2.4679643e+00
   2.5254700e+00
   2.5705503e+00
   2.6033871e+00
   2.6241262e+00
   2.6328776e+00
   2.6297184e+00
   2.6146997e+00
   2.5878554e+00
   2.5492143e+00
   2.4988146e+00
   2.4367198e+00
   2.3630366e+00
   2.2779337e+00
   2.1816606e+00
   2.0745667e+00
   1.9571189e+00
   1.8299189e+00
   1.6937170e+00
   1.5494246e+00
   1.3981228e+00
   1.2410673e+00
   1.0796899e+00
   9.1559495e-01
   7.5055127e-01
   5.8647932e-01
   4.2543351e-01
   2.6957974e-01
   1.2116847e-01
  -1.7496356e-02
  -1.4409205e-01
  -2.5631492e-01
  -3.5192033e-01
  -4.2876430e-01
  -4.8484575e-01
  -5.1834844e-01
  -5.2768168e-01
  -5.1151881e-01
  -4.6883256e-01
  -3.9892628e-01
  -3.0146026e-01
  -1.7647245e-01
  -2.4392803e-02
   1.5394911e-01
   3.5732351e-01
   5.8410704e-01
   8.3229647e-01
   1.0995292e+00
   1.3831102e+00
   1.6800448e+00
   1.9870766e+00
   2.3007297e+00
   2.6173541e+00
   2.9331745e+00
   3.2443391e+00
   3.5469707e+00
   3.8372157e+00
   4.1112936e+00
   4.3655423e+00
   4.5964628e+00
   4.8007583e+00
   4.9753705e+00
   5.1175112e+00
   5.2246889e+00
   5.2947303e+00
   5.3257974e+00
   5.3163988e+00
   5.2653969e+00
   5.1720101e+00
   5.0358112e+00
   4.8567215e+00
   4.6350024e+00
   4.3712436e+00
   4.0663494e+00
   3.7215234e+00
   3.3382520e+00
   2.9182868e+00
   2.4636271e+00
   1.9765027e+00
   1.4593566e+00
   9.1482851e-01
   3.4573917e-01
  -2.4492456e-01
  -8.5402387e-01
  -1.4782814e+00
  -2.1142941e+00
  -2.7585460e+00
  -3.4074200e+00
  -4.0572114e+00
  -4.7041402e+00
  -5.3443653e+00
  -5.9739993e+00
  -6.5891248e+00
  -7.1858121e+00
  -7.7601389e+00
  -8.3082116e+00
  -8.8261895e+00
  -9.3103098e+00
  -9.7569156e+00
  -1.0162485e+01
  -1.0523663e+01
  -1.0837292e+01
  -1.1100446e+01
  -1.1310464e+01
  -1.1464981e+01
  -1.1561961e+01
  -1.1599728e+01
  -1.1576992e+01
  -1.1492875e+01
  -1.1346930e+01
  -1.1139158e+01
  -1.0870022e+01
  -1.0540446e+01
  -1.0151820e+01
  -9.7059894e+00
  -9.2052435e+00
  -8.6522924e+00
  -8.0502409e+00
  -7.4025548e+00
  -6.7130206e+00
  -5.9857010e+00
  -5.2248852e+00
  -4.4350348e+00
  -3.6207287e+00
  -2.7866040e+00
  -1.9372986e+00
  -1.0773932e+00
  -2.1135534e-01
   6.5651242e-01
   1.5221209e+00
   2.3816364e+00
   3.2315165e+00
   4.0685381e+00
   4.8898166e+00
   5.6928173e+00
   6.4753554e+00
   7.2355887e+00
   7.9719985e+00
   8.6833624e+00
   9.3687186e+00
   1.0027321e+01
   1.0658589e+01
   1.1262049e+01
   1.1837276e+01
   1.2383830e+01
   1.2901189e+01
   1.3388690e+01
   1.3845467e+01
   1.4270395e+01
   1.4662048e+01
   1.5018654e+01
   1.5338069e+01
   1.5617758e+01
   1.5854797e+01
   1.6045876e+01
   1.6187330e+01
   1.6275175e+01
   1.6305165e+01
   1.6272862e+01
   1.6173716e+01
   1.6003161e+01
   1.5756723e+01
   1.5430131e+01
   1.5019437e+01
   1.4521140e+01
   1.3932314e+01
   1.3250720e+01
   1.2474933e+01
   1.1604440e+01
   1.0639741e+01
   9.5824307e+00
   8.4352586e+00
   7.2021783e+00
   5.8883699e+00
   4.5002424e+00
   3.0454117e+00
   1.5326559e+00
  -2.8153712e-02
  -1.6261445e+00
  -3.2495556e+00
  -4.8858712e+00
  -6.5219716e+00
  -8.1442993e+00
  -9.7390372e+00
  -1.1292296e+01
  -1.2790305e+01
  -1.4219611e+01
  -1.5567262e+01
  -1.6821003e+01
  -1.7969445e+01
  -1.9002235e+01
  -1.9910198e+01
  -2.0685474e+01
  -2.1321619e+01
  -2.1813692e+01
  -2.2158321e+01
  -2.2353731e+01
  -2.2399757e+01
  -2.2297830e+01
  -2.2050932e+01
  -2.1663537e+01
  -2.1141518e+01
  -2.0492047e+01
  -1.9723467e+01
  -1.8845155e+01
  -1.7867369e+01
  -1.6801093e+01
  -1.5657868e+01
  -1.4449628e+01
  -1.3188531e+01
  -1.1886799e+01
  -1.0556558e+01
  -9.2096959e+00
  -7.8577196e+00
  -6.5116341e+00
  -5.1818302e+00
  -3.8779885e+00
  -2.6089989e+00
  -1.3828953e+00
  -2.0680607e-01
   9.1307959e-01
   1.9715308e+00
   2.9642797e+00
   3.8880133e+00
   4.7403522e+00
   5.5198200e+00
   6.2258007e+00
   6.8584900e+00
   7.4188378e+00
   7.9084858e+00
   8.3296999e+00
   8.6852998e+00
   8.9785856e+00
   9.2132643e+00
   9.3933741e+00
   9.5232112e+00
   9.6072570e+00
   9.6501070e+00
   9.6564030e+00
   9.6307683e+00
   9.5777462e+00
   9.5017426e+00
   9.4069733e+00
   9.2974152e+00
   9.1767628e+00
   9.0483895e+00
   8.9153142e+00
   8.7801730e+00
   8.6451962e+00
   8.5121911e+00
   8.3825299e+00
   8.2571437e+00
   8.1365214e+00
   8.0207147e+00
   7.9093489e+00
   7.8016385e+00
   7.6964092e+00
   7.5921246e+00
   7.4869182e+00
   7.3786304e+00
   7.2648501e+00
   7.1429608e+00
   7.0101898e+00
   6.8636619e+00
   6.7004545e+00
   6.5176563e+00
   6.3124263e+00
   6.0820536e+00
   5.8240180e+00
   5.5360485e+00
   5.2161806e+00
   4.8628112e+00
   4.4747490e+00
   4.0512616e+00
   3.5921167e+00
   3.0976175e+00
   2.5686316e+00
   2.0066116e+00
   1.4136082e+00
   7.9227484e-01
   1.4586244e-01
  -5.2179453e-01
  -1.2063019e+00
  -1.9027392e+00
  -2.6057024e+00
  -3.3093562e+00
  -4.0074943e+00
  -4.6936092e+00
  -5.3609680e+00
  -6.0026958e+00
  -6.6118646e+00
  -7.1815859e+00
  -7.7051077e+00
  -8.1759126e+00
  -8.5878165e+00
  -8.9350665e+00
  -9.2124359e+00
  -9.4153158e+00
  -9.5397997e+00
  -9.5827624e+00
  -9.5419292e+00
  -9.4159352e+00
  -9.2043736e+00
  -8.9078308e+00
  -8.5279084e+00
  -8.0672313e+00
  -7.5294395e+00
  -6.9191665e+00
  -6.2420014e+00
  -5.5044360e+00
  -4.7137979e+00
  -3.8781697e+00
  -3.0062949e+00
  -2.1074733e+00
  -1.1914456e+00
  -2.6826983e-01
   6.5180856e-01
   1.5584915e+00
   2.4415652e+00
   3.2910380e+00
   4.0972758e+00
   4.8511336e+00
   5.5440814e+00
   6.1683214e+00
   6.7168952e+00
   7.1837790e+00
   7.5639653e+00
   7.8535298e+00
   8.0496819e+00
   8.1507983e+00
   8.1564389e+00
   8.0673451e+00
   7.8854196e+00
   7.6136897e+00
   7.2562523e+00
   6.8182045e+00
   6.3055578e+00
   5.7251402e+00
   5.0844866e+00
   4.3917187e+00
   3.6554181e+00
   2.8844938e+00
   2.0880465e+00
   1.2752322e+00
   4.5512764e-01
  -3.6340003e-01
  -1.1718177e+00
  -1.9620421e+00
  -2.7265447e+00
  -3.4584452e+00
  -4.1515906e+00
  -4.8006200e+00
  -5.4010123e+00
  -5.9491192e+00
  -6.4421797e+00
  -6.8783186e+00
  -7.2565293e+00
  -7.5766392e+00
  -7.8392627e+00
  -8.0457386e+00
  -8.1980572e+00
  -8.2987771e+00
  -8.3509327e+00
  -8.3579371e+00
  -8.3234800e+00
  -8.2514241e+00
  -8.1457023e+00
  -8.0102169e+00
  -7.8487445e+00
  -7.6648467e+00
  -7.4617905e+00
  -7.2424779e+00
  -7.0093879e+00
  -6.7645310e+00
  -6.5094177e+00
  -6.2450409e+00
  -5.9718725e+00
  -5.6898752e+00
  -5.3985274e+00
  -5.0968620e+00
  -4.7835173e+00
  -4.4567986e+00
  -4.1147502e+00
  -3.7552345e+00
  -3.3760177e+00
  -2.9748594e+00
  -2.5496040e+00
  -2.0982725e+00
  -1.6191516e+00
  -1.1108786e+00
  -5.7252103e-01
  -3.6466627e-03
   5.9561457e-01
   1.2245205e+00
   1.8816787e+00
   2.5650213e+00
   3.2717940e+00
   3.9985591e+00
   4.7412121e+00
   5.4950134e+00
   6.2546330e+00
   7.0142073e+00
   7.7674095e+00
   8.5075287e+00
   9.2275598e+00
   9.9203001e+00
   1.0578452e+01
   1.1194730e+01
   1.1761970e+01
   1.2273238e+01
   1.2721936e+01
   1.3101908e+01
   1.3407538e+01
   1.3633836e+01
   1.3776528e+01
   1.3832122e+01
   1.3797969e+01
   1.3672315e+01
   1.3454335e+01
   1.3144153e+01
   1.2742858e+01
   1.2252489e+01
   1.1676026e+01
   1.1017354e+01
   1.0281221e+01
   9.4731838e+00
   8.5995384e+00
   7.6672489e+00
   6.6838620e+00
   5.6574163e+00
   4.5963464e+00
   3.5093822e+00
   2.4054457e+00
   1.2935464e+00
   1.8267732e-01
  -9.1828884e-01
  -2.0006992e+00
  -3.0562172e+00
  -4.0769127e+00
  -5.0553466e+00
  -5.9846468e+00
  -6.8585757e+00
  -7.6715881e+00
  -8.4188791e+00
  -9.0964203e+00
  -9.7009858e+00
  -1.0230166e+01
  -1.0682368e+01
  -1.1056812e+01
  -1.1353503e+01
  -1.1573206e+01
  -1.1717403e+01
  -1.1788242e+01
  -1.1788476e+01
  -1.1721401e+01
  -1.1590780e+01
  -1.1400770e+01
  -1.1155834e+01
  -1.0860664e+01
  -1.0520096e+01
  -1.0139028e+01
  -9.7223398e+00
  -9.2748159e+00
  -8.8010775e+00
  -8.3055180e+00
  -7.7922469e+00
  -7.2650439e+00
  -6.7273217e+00
  -6.1820996e+00
  -5.6319883e+00
  -5.0791856e+00
  -4.5254830e+00
  -3.9722829e+00
  -3.4206267e+00
  -2.8712314e+00
  -2.3245352e+00
  -1.7807501e+00
  -1.2399207e+00
  -7.0198722e-01
  -1.6685099e-01
   3.6555860e-01
   8.9521855e-01
   1.4219494e+00
   1.9453570e+00
   2.4647811e+00
   2.9792515e+00
   3.4874536e+00
   3.9877054e+00
   4.4779446e+00
   4.9557285e+00
   5.4182465e+00
   5.8623446e+00
   6.2845620e+00
   6.6811797e+00
   7.0482801e+00
   7.3818155e+00
   7.6776861e+00
   7.9318236e+00
   8.1402811e+00
   8.2993255e+00
   8.4055310e+00
   8.4558719e+00
   8.4478120e+00
   8.3793893e+00
   8.2492920e+00
   8.0569269e+00
   7.8024746e+00
   7.4869333e+00
   7.1121471e+00
   6.6808190e+00
   6.1965077e+00
   5.6636066e+00
   5.0873064e+00
   4.4735400e+00
   3.8289113e+00
   3.1606087e+00
   2.4763038e+00
   1.7840391e+00
   1.0921034e+00
   4.0890117e-01
  -2.5718508e-01
  -8.9793471e-01
  -1.5054289e+00
  -2.0721879e+00
  -2.5913024e+00
  -3.0565568e+00
  -3.4625409e+00
  -3.8047482e+00
  -4.0796585e+00
  -4.2848030e+00
  -4.4188102e+00
  -4.4814318e+00
  -4.4735486e+00
  -4.3971551e+00
  -4.2553249e+00
  -4.0521566e+00
  -3.7927012e+00
  -3.4828735e+00
  -3.1293490e+00
  -2.7394476e+00
  -2.3210074e+00
  -1.8822502e+00
  -1.4316421e+00
  -9.7775068e-01
  -5.2910251e-01
  -9.4042987e-02
   3.1939916e-01
   7.0363998e-01
   1.0516591e+00
   1.3571071e+00
   1.6144004e+00
   1.8188009e+00
   1.9664812e+00
   2.0545725e+00
   2.0811968e+00
   2.0454810e+00
   1.9475552e+00
   1.7885341e+00
   1.5704825e+00
   1.2963666e+00
   9.6999171e-01
   5.9592730e-01
   1.7942264e-01
  -2.7368700e-01
  -7.5708062e-01
  -1.2640570e+00
  -1.7876429e+00
  -2.3207032e+00
  -2.8560496e+00
  -3.3865475e+00
  -3.9052181e+00
  -4.4053354e+00
  -4.8805147e+00
  -5.3247939e+00
  -5.7327043e+00
  -6.0993306e+00
  -6.4203615e+00
  -6.6921277e+00
  -6.9116295e+00
  -7.0765541e+00
  -7.1852813e+00
  -7.2368811e+00
  -7.2311012e+00
  -7.1683471e+00
  -7.0496555e+00
  -6.8766601e+00
  -6.6515544e+00
  -6.3770480e+00
  -6.0563208e+00
  -5.6929739e+00
  -5.2909782e+00
  -4.8546217e+00
  -4.3884553e+00
  -3.8972381e+00
  -3.3858820e+00
  -2.8593962e+00
  -2.3228321e+00
  -1.7812281e+00
  -1.2395553e+00
  -7.0266338e-01
  -1.7522828e-01
   3.3830018e-01
   8.3374875e-01
   1.3072702e+00
   1.7553908e+00
   2.1750565e+00
   2.5636758e+00
   2.9191608e+00
   3.2399639e+00
   3.5251112e+00
   3.7742307e+00
   3.9875746e+00
   4.1660365e+00
   4.3111601e+00
   4.4251404e+00
   4.5108167e+00
   4.5716548e+00
   4.6117203e+00
   4.6356397e+00
   4.6485508e+00
   4.6560410e+00
   4.6640736e+00
   4.6789015e+00
   4.7069694e+00
   4.7548040e+00
   4.8288934e+00
   4.9355562e+00
   5.0808019e+00
   5.2701845e+00
   5.5086511e+00
   5.8003882e+00
   6.1486683e+00
   6.5557009e+00
   7.0224911e+00
   7.5487100e+00
   8.1325811e+00
   8.7707861e+00
   9.4583955e+00
   1.0188826e+01
   1.0953830e+01
   1.1743515e+01
   1.2546399e+01
   1.3349505e+01
   1.4138486e+01
   1.4897788e+01
   1.5610844e+01
   1.6260307e+01
   1.6828297e+01
   1.7296691e+01
   1.7647418e+01
   1.7862779e+01
   1.7925776e+01
   1.7820444e+01
   1.7532191e+01
   1.7048123e+01
   1.6357362e+01
   1.5451352e+01
   1.4324136e+01
   1.2972602e+01
   1.1396707e+01
   9.5996483e+00
   7.5880016e+00
   5.3718024e+00
   2.9645810e+00
   3.8333889e-01
  -2.3515315e+00
  -5.2163873e+00
  -8.1845352e+00
  -1.1226492e+01
  -1.4310302e+01
  -1.7401913e+01
  -2.0465597e+01
  -2.3464429e+01
  -2.6360797e+01
  -2.9116951e+01
  -3.1695573e+01
  -3.4060372e+01
  -3.6176675e+01
  -3.8012022e+01
  -3.9536737e+01
  -4.0724483e+01
  -4.1552763e+01
  -4.2003391e+01
  -4.2062881e+01
  -4.1722785e+01
  -4.0979941e+01
  -3.9836637e+01
  -3.8300690e+01
  -3.6385421e+01
  -3.4109539e+01
  -3.1496931e+01
  -2.8576347e+01
  -2.5381010e+01
  -2.1948129e+01
  -1.8318350e+01
  -1.4535130e+01
  -1.0644068e+01
  -6.6921917e+00
  -2.7272130e+00
   1.2032214e+00
   5.0522829e+00
   8.7746966e+00
   1.2327446e+01
   1.5670437e+01
   1.8767102e+01
   2.1584939e+01
   2.4095980e+01
   2.6277165e+01
   2.8110632e+01
   2.9583909e+01
   3.0690014e+01
   3.1427447e+01
   3.1800097e+01
   3.1817048e+01
   3.1492300e+01
   3.0844408e+01
   2.9896055e+01
   2.8673550e+01
   2.7206288e+01
   2.5526159e+01
   2.3666938e+01
   2.1663651e+01
   1.9551950e+01
   1.7367484e+01
   1.5145307e+01
   1.2919311e+01
   1.0721702e+01
   8.5825318e+00
   6.5292877e+00
   4.5865502e+00
   2.7757176e+00
   1.1148054e+00
  -3.8168181e-01
  -1.7028068e+00
  -2.8411857e+00
  -3.7929095e+00
  -4.5574058e+00
  -5.1372461e+00
  -5.5379087e+00
  -5.7675018e+00
  -5.8364568e+00
  -5.7571996e+00
  -5.5438073e+00
  -5.2116584e+00
  -4.7770829e+00
  -4.2570204e+00
  -3.6686899e+00
  -3.0292787e+00
  -2.3556527e+00
  -1.6640926e+00
  -9.7005855e-01
  -2.8798516e-01
   3.6889274e-01
   9.8868188e-01
   1.5609408e+00
   2.0767585e+00
   2.5288027e+00
   2.9113393e+00
   3.2202236e+00
   3.4528668e+00
   3.6081783e+00
   3.6864882e+00
   3.6894498e+00
   3.6199283e+00
   3.4818751e+00
   3.2801926e+00
   3.0205918e+00
   2.7094448e+00
   2.3536359e+00
   1.9604122e+00
   1.5372383e+00
   1.0916553e+00
   6.3114771e-01
   1.6301833e-01
  -3.0572490e-01
  -7.6847083e-01
  -1.2190936e+00
  -1.6520271e+00
  -2.0623251e+00
  -2.4457060e+00
  -2.7985830e+00
  -3.1180798e+00
  -3.4020312e+00
  -3.6489711e+00
  -3.8581071e+00
  -4.0292846e+00
  -4.1629405e+00
  -4.2600478e+00
  -4.3220551e+00
  -4.3508194e+00
  -4.3485373e+00
  -4.3176740e+00
  -4.2608936e+00
  -4.1809919e+00
  -4.0808321e+00
  -3.9632874e+00
  -3.8311883e+00
  -3.6872791e+00
  -3.5341799e+00
  -3.3743586e+00
  -3.2101097e+00
  -3.0435405e+00
  -2.8765654e+00
  -2.7109051e+00
  -2.5480917e+00
  -2.3894788e+00
  -2.2362532e+00
  -2.0894507e+00
  -1.9499714e+00
  -1.8185971e+00
  -1.6960063e+00
  -1.5827894e+00
  -1.4794619e+00
  -1.3864753e+00
  -1.3042259e+00
  -1.2330624e+00
  -1.1732903e+00
  -1.1251755e+00
  -1.0889465e+00
  -1.0647954e+00
  -1.0528791e+00
  -1.0533193e+00
  -1.0662045e+00
  -1.0915906e+00
  -1.1295036e+00
  -1.1799423e+00
  -1.2428820e+00
  -1.3182774e+00
  -1.4060670e+00
  -1.5061752e+00
  -1.6185150e+00
  -1.7429872e+00
  -1.8794789e+00
  -2.0278583e+00
  -2.1879664e+00
  -2.3596056e+00
  -2.5425241e+00
  -2.7363966e+00
  -2.9408023e+00
  -3.1551987e+00
  -3.3788945e+00
  -3.6110202e+00
  -3.8504986e+00
  -4.0960166e+00
  -4.3459988e+00
  -4.5985855e+00
  -4.8516155e+00
  -5.1026150e+00
  -5.3487952e+00
  -5.5870570e+00
  -5.8140060e+00
  -6.0259766e+00
  -6.2190650e+00
  -6.3891722e+00
  -6.5320552e+00
  -6.6433858e+00
  -6.7188158e+00
  -6.7540476e+00
  -6.7449086e+00
  -6.6874264e+00
  -6.5779054e+00
  -6.4130013e+00
  -6.1897922e+00
  -5.9058451e+00
  -5.5592765e+00
  -5.1488046e+00
  -4.6737945e+00
  -4.1342931e+00
  -3.5310546e+00
  -2.8655562e+00
  -2.1400027e+00
  -1.3573216e+00
  -5.2114704e-01
   3.6420534e-01
   1.2937737e+00
   2.2619939e+00
   3.2627514e+00
   4.2894405e+00
   5.3350303e+00
   6.3921353e+00
   7.4530908e+00
   8.5100306e+00
   9.5549676e+00
   1.0579874e+01
   1.1576762e+01
   1.2537762e+01
   1.3455199e+01
   1.4321666e+01
   1.5130092e+01
   1.5873805e+01
   1.6546590e+01
   1.7142744e+01
   1.7657118e+01
   1.8085160e+01
   1.8422946e+01
   1.8667212e+01
   1.8815370e+01
   1.8865529e+01
   1.8816504e+01
   1.8667819e+01
   1.8419710e+01
   1.8073120e+01
   1.7629691e+01
   1.7091750e+01
   1.6462292e+01
   1.5744959e+01
   1.4944018e+01
   1.4064328e+01
   1.3111312e+01
   1.2090917e+01
   1.1009577e+01
   9.8741670e+00
   8.6919540e+00
   7.4705450e+00
   6.2178287e+00
   4.9419131e+00
   3.6510579e+00
   2.3536027e+00
   1.0578914e+00
  -2.2780737e-01
  -1.4953820e+00
  -2.7369614e+00
  -3.9449979e+00
  -5.1123491e+00
  -6.2323563e+00
  -7.2989177e+00
  -8.3065554e+00
  -9.2504735e+00
  -1.0126606e+01
  -1.0931656e+01
  -1.1663117e+01
  -1.2319287e+01
  -1.2899265e+01
  -1.3402937e+01
  -1.3830946e+01
  -1.4184650e+01
  -1.4466068e+01
  -1.4677820e+01
  -1.4823048e+01
  -1.4905340e+01
  -1.4928646e+01
  -1.4897186e+01
  -1.4815363e+01
  -1.4687672e+01
  -1.4518617e+01
  -1.4312630e+01
  -1.4073991e+01
  -1.3806768e+01
  -1.3514753e+01
  -1.3201417e+01
  -1.2869872e+01
  -1.2522841e+01
  -1.2162648e+01
  -1.1791208e+01
  -1.1410032e+01
  -1.1020247e+01
  -1.0622616e+01
  -1.0217574e+01
  -9.8052614e+00
  -9.3855734e+00
  -8.9582066e+00
  -8.5227107e+00
  -8.0785411e+00
  -7.6251119e+00
  -7.1618469e+00
  -6.6882286e+00
  -6.2038433e+00
  -5.7084211e+00
  -5.2018708e+00
  -4.6843086e+00
  -4.1560800e+00
  -3.6177747e+00
  -3.0702349e+00
  -2.5145564e+00
  -1.9520827e+00
  -1.3843931e+00
  -8.1328510e-01
  -2.4075091e-01
   3.3104990e-01
   8.9982197e-01
   1.4631685e+00
   2.0186279e+00
   2.5637110e+00
   3.0959397e+00
   3.6128844e+00
   4.1122001e+00
   4.5916606e+00
   5.0491904e+00
   5.4828926e+00
   5.8910732e+00
   6.2722618e+00
   6.6252265e+00
   6.9489856e+00
   7.2428133e+00
   7.5062413e+00
   7.7390549e+00
   7.9412851e+00
   8.1131964e+00
   8.2552700e+00
   8.3681845e+00
   8.4527928e+00
   8.5100974e+00
   8.5412233e+00
   8.5473904e+00
   8.5298855e+00
   8.4900344e+00
   8.4291749e+00
   8.3486319e+00
   8.2496941e+00
   8.1335933e+00
   8.0014876e+00
   7.8544469e+00
   7.6934432e+00
   7.5193438e+00
   7.3329095e+00
   7.1347958e+00
   6.9255584e+00
   6.7056620e+00
   6.4754925e+00
   6.2353718e+00
   5.9855749e+00
   5.7263488e+00
   5.4579327e+00
   5.1805779e+00
   4.8945684e+00
   4.6002402e+00
   4.2979988e+00
   3.9883355e+00
   3.6718405e+00
   3.3492127e+00
   3.0212674e+00
   2.6889393e+00
   2.3532819e+00
   2.0154643e+00
   1.6767629e+00
   1.3385504e+00
   1.0022816e+00
   6.6947618e-01
   3.4169898e-01
   2.0538113e-02
  -2.9241818e-01
  -5.9560589e-01
  -8.8751008e-01
  -1.1666896e+00
  -1.4318011e+00
  -1.6816224e+00
  -1.9150732e+00
  -2.1312346e+00
  -2.3293655e+00
  -2.5089161e+00
  -2.6695378e+00
  -2.8110904e+00
  -2.9336442e+00
  -3.0374798e+00
  -3.1230830e+00
  -3.1911368e+00
  -3.2425093e+00
  -3.2782389e+00
  -3.2995162e+00
  -3.3076632e+00
  -3.3041103e+00
  -3.2903722e+00
  -3.2680208e+00
  -3.2386588e+00
  -3.2038922e+00
  -3.1653023e+00
  -3.1244193e+00
  -3.0826959e+00
  -3.0414828e+00
  -3.0020062e+00
  -2.9653471e+00
  -2.9324234e+00
  -2.9039754e+00
  -2.8805538e+00
  -2.8625113e+00
  -2.8499983e+00
  -2.8429615e+00
  -2.8411465e+00
  -2.8441036e+00
  -2.8511976e+00
  -2.8616201e+00
  -2.8744052e+00
  -2.8884477e+00
  -2.9025237e+00
  -2.9153132e+00
  -2.9254244e+00
  -2.9314189e+00
  -2.9318383e+00
  -2.9252310e+00
  -2.9101788e+00
  -2.8853233e+00
  -2.8493919e+00
  -2.8012220e+00
  -2.7397841e+00
  -2.6642030e+00
  -2.5737764e+00
  -2.4679915e+00
  -2.3465389e+00
  -2.2093229e+00
  -2.0564689e+00
  -1.8883284e+00
  -1.7054791e+00
  -1.5087226e+00
  -1.2990785e+00
  -1.0777750e+00
  -8.4623644e-01
  -6.0606729e-01
  -3.5903385e-01
  -1.0704277e-01
   1.4788251e-01
   4.0362758e-01
   6.5801438e-01
   9.0882995e-01
   1.1538560e+00
   1.3908991e+00
   1.6178202e+00
   1.8325647e+00
   2.0331907e+00
   2.2178960e+00
   2.3850436e+00
   2.5331844e+00
   2.6610774e+00
   2.7677072e+00
   2.8522975e+00
   2.9143216e+00
   2.9535088e+00
   2.9698473e+00
   2.9635831e+00
   2.9352148e+00
   2.8854855e+00
   2.8153702e+00
   2.7260611e+00
   2.6189489e+00
   2.4956025e+00
   2.3577458e+00
   2.2072335e+00
   2.0460243e+00
   1.8761546e+00
   1.6997104e+00
   1.5187999e+00
   1.3355257e+00
   1.1519580e+00
   9.7010877e-01
   7.9190651e-01
   6.1917364e-01
   4.5360487e-01
   2.9674805e-01
   1.4998713e-01
   1.4527661e-02
  -1.0861512e-01
  -2.1862559e-01
  -3.1489418e-01
  -3.9702109e-01
  -4.6481724e-01
  -5.1830245e-01
  -5.5770104e-01
  -5.8343479e-01
  -5.9611364e-01
  -5.9652408e-01
  -5.8561553e-01
  -5.6448486e-01
  -5.3435930e-01
  -4.9657792e-01
  -4.5257184e-01
  -4.0384355e-01
