  -3.6109249e-06
   1.7704958e-05
   3.8790004e-05
   5.9446803e-05
   7.9481975e-05
   9.8709154e-05
   1.1695184e-04
   1.3404607e-04
   1.4984290e-04
   1.6421057e-04
   1.7703652e-04
   1.8822892e-04
   1.9771803e-04
   2.0545711e-04
   2.1142301e-04
   2.1561633e-04
   2.1806130e-04
   2.1880520e-04
   2.1791744e-04
   2.1548832e-04
   2.1162748e-04
   2.0646197e-04
   2.0013416e-04
   1.9279934e-04
   1.8462321e-04
   1.7577917e-04
   1.6644555e-04
   1.5680275e-04
   1.4703050e-04
   1.3730500e-04
   1.2779633e-04
   1.1866586e-04
   1.1006397e-04
   1.0212786e-04
   9.4979720e-05
   8.8725134e-05
   8.3451772e-05
   7.9228432e-05
   7.6104380e-05
   7.4109037e-05
   7.3251992e-05
   7.3523321e-05
   7.4894230e-05
   7.7317970e-05
   8.0731017e-05
   8.5054489e-05
   9.0195757e-05
   9.6050227e-05
   1.0250324e-04
   1.0943209e-04
   1.1670802e-04
   1.2419830e-04
   1.3176828e-04
   1.3928325e-04
   1.4661039e-04
   1.5362046e-04
   1.6018938e-04
   1.6619965e-04
   1.7154160e-04
   1.7611445e-04
   1.7982720e-04
   1.8259926e-04
   1.8436105e-04
   1.8505427e-04
   1.8463213e-04
   1.8305937e-04
   1.8031215e-04
   1.7637785e-04
   1.7125470e-04
   1.6495135e-04
   1.5748638e-04
   1.4888759e-04
   1.3919142e-04
   1.2844210e-04
   1.1669094e-04
   1.0399539e-04
   9.0418239e-05
   7.6026700e-05
   6.0891511e-05
   4.5086063e-05
   2.8685552e-05
   1.1766168e-05
  -5.5956526e-06
  -2.3323905e-05
  -4.1343602e-05
  -5.9581266e-05
  -7.7965308e-05
  -9.6426279e-05
  -1.1489701e-04
  -1.3331261e-04
  -1.5161035e-04
  -1.6972942e-04
  -1.8761058e-04
  -2.0519574e-04
  -2.2242741e-04
  -2.3924818e-04
  -2.5560010e-04
  -2.7142409e-04
  -2.8665939e-04
  -3.0124299e-04
  -3.1510925e-04
  -3.2818948e-04
  -3.4041175e-04
  -3.5170082e-04
  -3.6197816e-04
  -3.7116221e-04
  -3.7916880e-04
  -3.8591172e-04
  -3.9130354e-04
  -3.9525653e-04
  -3.9768376e-04
  -3.9850043e-04
  -3.9762525e-04
  -3.9498193e-04
  -3.9050086e-04
  -3.8412070e-04
  -3.7579011e-04
  -3.6546943e-04
  -3.5313230e-04
  -3.3876728e-04
  -3.2237922e-04
  -3.0399062e-04
  -2.8364273e-04
  -2.6139649e-04
  -2.3733314e-04
  -2.1155471e-04
  -1.8418409e-04
  -1.5536489e-04
  -1.2526094e-04
  -9.4055495e-05
  -6.1950127e-05
  -2.9163253e-05
   4.0716153e-06
   3.7507949e-05
   7.0888576e-05
   1.0394833e-04
   1.3641697e-04
   1.6802225e-04
   1.9849328e-04
   2.2756393e-04
   2.5497633e-04
   2.8048442e-04
   3.0385748e-04
   3.2488345e-04
   3.4337224e-04
   3.5915862e-04
   3.7210498e-04
   3.8210357e-04
   3.8907845e-04
   3.9298689e-04
   3.9382034e-04
   3.9160484e-04
   3.8640094e-04
   3.7830310e-04
   3.6743855e-04
   3.5396573e-04
   3.3807219e-04
   3.1997216e-04
   2.9990370e-04
   2.7812558e-04
   2.5491382e-04
   2.3055806e-04
   2.0535782e-04
   1.7961859e-04
   1.5364791e-04
   1.2775147e-04
   1.0222929e-04
   7.7371971e-05
   5.3457184e-05
   3.0746296e-05
   9.4812808e-06
  -1.0118108e-05
  -2.7856852e-05
  -4.3566856e-05
  -5.7108787e-05
  -6.8373559e-05
  -7.7283437e-05
  -8.3792772e-05
  -8.7888364e-05
  -8.9589439e-05
  -8.8947268e-05
  -8.6044410e-05
  -8.0993608e-05
  -7.3936342e-05
  -6.5041051e-05
  -5.4501044e-05
  -4.2532125e-05
  -2.9369950e-05
  -1.5267152e-05
  -4.9025068e-07
   1.4683599e-05
   2.9970009e-05
   4.5080852e-05
   5.9727826e-05
   7.3626042e-05
   8.6497597e-05
   9.8075100e-05
   1.0810511e-04
   1.1635144e-04
   1.2259832e-04
   1.2665339e-04
   1.2835042e-04
   1.2755186e-04
   1.2415110e-04
   1.1807440e-04
   1.0928256e-04
   9.7772243e-05
   8.3576922e-05
   6.6767495e-05
   4.7452475e-05
   2.5777801e-05
   1.9262103e-06
  -2.3883824e-05
  -5.1399611e-05
  -8.0336232e-05
  -1.1037900e-04
  -1.4118641e-04
  -1.7239354e-04
  -2.0361589e-04
  -2.3445372e-04
  -2.6449666e-04
  -2.9332878e-04
  -3.2053383e-04
  -3.4570086e-04
  -3.6842979e-04
  -3.8833724e-04
  -4.0506223e-04
  -4.1827180e-04
  -4.2766645e-04
  -4.3298526e-04
  -4.3401063e-04
  -4.3057251e-04
  -4.2255209e-04
  -4.0988484e-04
  -3.9256277e-04
  -3.7063600e-04
  -3.4421346e-04
  -3.1346276e-04
  -2.7860927e-04
  -2.3993425e-04
  -1.9777224e-04
  -1.5250765e-04
  -1.0457055e-04
  -5.4431808e-05
  -2.5975666e-06
   5.0396814e-05
   1.0399330e-04
   1.5761808e-04
   2.1068883e-04
   2.6262202e-04
   3.1284044e-04
   3.6078057e-04
   4.0589994e-04
   4.4768408e-04
   4.8565329e-04
   5.1936880e-04
   5.4843852e-04
   5.7252205e-04
   5.9133507e-04
   6.0465298e-04
   6.1231364e-04
   6.1421936e-04
   6.1033803e-04
   6.0070330e-04
   5.8541397e-04
   5.6463251e-04
   5.3858272e-04
   5.0754665e-04
   4.7186079e-04
   4.3191150e-04
   3.8812991e-04
   3.4098628e-04
   2.9098386e-04
   2.3865247e-04
   1.8454171e-04
   1.2921415e-04
   7.3238338e-05
   1.7181902e-05
  -3.8395216e-05
  -9.2947324e-05
  -1.4594922e-04
  -1.9690208e-04
  -2.4533882e-04
  -2.9082907e-04
  -3.3298346e-04
  -3.7145742e-04
  -4.0595422e-04
  -4.3622746e-04
  -4.6208279e-04
  -4.8337901e-04
  -5.0002839e-04
  -5.1199640e-04
  -5.1930071e-04
  -5.2200958e-04
  -5.2023963e-04
  -5.1415312e-04
  -5.0395467e-04
  -4.8988761e-04
  -4.7222991e-04
  -4.5128983e-04
  -4.2740141e-04
  -4.0091964e-04
  -3.7221574e-04
  -3.4167220e-04
  -3.0967802e-04
  -2.7662393e-04
  -2.4289779e-04
  -2.0888014e-04
  -1.7494003e-04
  -1.4143104e-04
  -1.0868770e-04
  -7.7022092e-05
  -4.6720988e-05
  -1.8043210e-05
   8.7825220e-06
   3.3559359e-05
   5.6123668e-05
   7.6345936e-05
   9.4131249e-05
   1.0941933e-04
   1.2218415e-04
   1.3243311e-04
   1.4020585e-04
   1.4557262e-04
   1.4863237e-04
   1.4951043e-04
   1.4835597e-04
   1.4533917e-04
   1.4064819e-04
   1.3448599e-04
   1.2706703e-04
   1.1861384e-04
   1.0935369e-04
   9.9515167e-05
   8.9324875e-05
   7.9004262e-05
   6.8766585e-05
   5.8814087e-05
   4.9335403e-05
   4.0503242e-05
   3.2472361e-05
   2.5377854e-05
   1.9333780e-05
   1.4432131e-05
   1.0742154e-05
   8.3100171e-06
   7.1588311e-06
   7.2889937e-06
   8.6788608e-06
   1.1285716e-05
   1.5047019e-05
   1.9881904e-05
   2.5692910e-05
   3.2367900e-05
   3.9782156e-05
   4.7800602e-05
   5.6280140e-05
   6.5072059e-05
   7.4024489e-05
   8.2984867e-05
   9.1802397e-05
   1.0033045e-04
   1.0842889e-04
   1.1596630e-04
   1.2282208e-04
   1.2888832e-04
   1.3407156e-04
   1.3829429e-04
   1.4149617e-04
   1.4363507e-04
   1.4468777e-04
   1.4465034e-04
   1.4353825e-04
   1.4138619e-04
   1.3824749e-04
   1.3419326e-04
   1.2931129e-04
   1.2370455e-04
   1.1748951e-04
   1.1079418e-04
   1.0375598e-04
   9.6519366e-05
   8.9233392e-05
   8.2049146e-05
   7.5117123e-05
   6.8584590e-05
   6.2592971e-05
   5.7275301e-05
   5.2753787e-05
   4.9137509e-05
   4.6520306e-05
   4.4978877e-05
   4.4571133e-05
   4.5334820e-05
   4.7286458e-05
   5.0420588e-05
   5.4709372e-05
   6.0102542e-05
   6.6527715e-05
   7.3891068e-05
   8.2078378e-05
   9.0956420e-05
   1.0037470e-04
   1.1016752e-04
   1.2015632e-04
   1.3015231e-04
   1.3995933e-04
   1.4937691e-04
   1.5820340e-04
   1.6623936e-04
   1.7329079e-04
   1.7917252e-04
   1.8371139e-04
   1.8674939e-04
   1.8814650e-04
   1.8778334e-04
   1.8556344e-04
   1.8141513e-04
   1.7529305e-04
   1.6717909e-04
   1.5708292e-04
   1.4504192e-04
   1.3112059e-04
   1.1540944e-04
   9.8023375e-05
   7.9099475e-05
   5.8794457e-05
   3.7281634e-05
   1.4747563e-05
  -8.6115978e-06
  -3.2593915e-05
  -5.6995627e-05
  -8.1615102e-05
  -1.0625674e-04
  -1.3073470e-04
  -1.5487637e-04
  -1.7852556e-04
  -2.0154518e-04
  -2.2381959e-04
  -2.4525625e-04
  -2.6578695e-04
  -2.8536835e-04
  -3.0398188e-04
  -3.2163308e-04
  -3.3835030e-04
  -3.5418274e-04
  -3.6919806e-04
  -3.8347937e-04
  -3.9712185e-04
  -4.1022895e-04
  -4.2290837e-04
  -4.3526774e-04
  -4.4741030e-04
  -4.5943048e-04
  -4.7140965e-04
  -4.8341199e-04
  -4.9548069e-04
  -5.0763450e-04
  -5.1986474e-04
  -5.3213287e-04
  -5.4436864e-04
  -5.5646884e-04
  -5.6829684e-04
  -5.7968282e-04
  -5.9042466e-04
  -6.0028975e-04
  -6.0901736e-04
  -6.1632183e-04
  -6.2189645e-04
  -6.2541793e-04
  -6.2655150e-04
  -6.2495655e-04
  -6.2029260e-04
  -6.1222579e-04
  -6.0043545e-04
  -5.8462090e-04
  -5.6450822e-04
  -5.3985697e-04
  -5.1046654e-04
  -4.7618232e-04
  -4.3690126e-04
  -3.9257686e-04
  -3.4322350e-04
  -2.8891997e-04
  -2.2981207e-04
  -1.6611431e-04
  -9.8110598e-05
  -2.6153817e-05
   4.9335638e-05
   1.2787247e-04
   2.0891022e-04
   2.9184607e-04
   3.7602678e-04
   4.6075554e-04
   5.4529987e-04
   6.2890029e-04
   7.1077974e-04
   7.9015358e-04
   8.6624009e-04
   9.3827123e-04
   1.0055035e-03
   1.0672289e-03
   1.1227854e-03
   1.1715671e-03
   1.2130339e-03
   1.2467200e-03
   1.2722422e-03
   1.2893060e-03
   1.2977110e-03
   1.2973555e-03
   1.2882382e-03
   1.2704597e-03
   1.2442216e-03
   1.2098245e-03
   1.1676637e-03
   1.1182244e-03
   1.0620747e-03
   9.9985731e-04
   9.3228017e-04
   8.6010625e-04
   7.8414198e-04
   7.0522532e-04
   6.2421317e-04
   5.4196868e-04
   4.5934842e-04
   3.7718987e-04
   2.9629929e-04
   2.1744037e-04
   1.4132365e-04
   6.8597105e-05
  -1.6209124e-07
  -6.4454471e-05
  -1.2386369e-04
  -1.7806042e-04
  -2.2680474e-04
  -2.6994690e-04
  -3.0742659e-04
  -3.3927074e-04
  -3.6558990e-04
  -3.8657334e-04
  -4.0248303e-04
  -4.1364652e-04
  -4.2044899e-04
  -4.2332456e-04
  -4.2274711e-04
  -4.1922060e-04
  -4.1326930e-04
  -4.0542790e-04
  -3.9623174e-04
  -3.8620737e-04
  -3.7586350e-04
  -3.6568249e-04
  -3.5611267e-04
  -3.4756132e-04
  -3.4038868e-04
  -3.3490295e-04
  -3.3135631e-04
  -3.2994209e-04
  -3.3079309e-04
  -3.3398092e-04
  -3.3951663e-04
  -3.4735224e-04
  -3.5738340e-04
  -3.6945293e-04
  -3.8335526e-04
  -3.9884156e-04
  -4.1562555e-04
  -4.3338984e-04
  -4.5179260e-04
  -4.7047452e-04
  -4.8906595e-04
  -5.0719393e-04
  -5.2448918e-04
  -5.4059286e-04
  -5.5516286e-04
  -5.6787979e-04
  -5.7845225e-04
  -5.8662168e-04
  -5.9216634e-04
  -5.9490465e-04
  -5.9469779e-04
  -5.9145148e-04
  -5.8511702e-04
  -5.7569155e-04
  -5.6321757e-04
  -5.4778183e-04
  -5.2951345e-04
  -5.0858154e-04
  -4.8519223e-04
  -4.5958519e-04
  -4.3202976e-04
  -4.0282071e-04
  -3.7227370e-04
  -3.4072053e-04
  -3.0850421e-04
  -2.7597398e-04
  -2.4348025e-04
  -2.1136962e-04
  -1.7997992e-04
  -1.4963543e-04
  -1.2064226e-04
  -9.3283924e-05
  -6.7817208e-05
  -4.4468274e-05
  -2.3429135e-05
  -4.8544709e-06
   1.1141175e-05
   2.4485772e-05
   3.5151741e-05
   4.3157412e-05
   4.8567996e-05
   5.1496011e-05
   5.2101172e-05
   5.0589682e-05
   4.7212922e-05
   4.2265504e-05
   3.6082680e-05
   2.9037066e-05
   2.1534712e-05
   1.4010478e-05
   6.9227621e-06
   7.4757589e-07
  -4.0279833e-06
  -6.9128214e-06
  -7.4194353e-06
  -5.0719242e-06
   5.8566995e-07
   9.9807973e-06
   2.3503731e-05
   4.1498929e-05
   6.4256569e-05
   9.2004409e-05
   1.2490014e-04
   1.6302437e-04
   2.0637446e-04
   2.5485926e-04
   3.0829509e-04
   3.6640280e-04
   4.2880647e-04
   4.9503338e-04
   5.6451575e-04
   6.3659408e-04
   7.1052221e-04
   7.8547412e-04
   8.6055247e-04
   9.3479878e-04
   1.0072052e-03
   1.0767279e-03
   1.1423014e-03
   1.2028548e-03
   1.2573282e-03
   1.3046899e-03
   1.3439547e-03
   1.3742012e-03
   1.3945901e-03
   1.4043809e-03
   1.4029480e-03
   1.3897963e-03
   1.3645740e-03
   1.3270844e-03
   1.2772954e-03
   1.2153460e-03
   1.1415506e-03
   1.0564004e-03
   9.6056138e-04
   8.5486966e-04
   7.4032331e-04
   6.1807130e-04
   4.8939947e-04
   3.5571352e-04
   2.1851954e-04
   7.9402134e-05
  -5.9999488e-05
  -1.9801697e-04
  -3.3297953e-04
  -4.6324138e-04
  -5.8720937e-04
  -7.0337034e-04
  -8.1031756e-04
  -9.0677583e-04
  -9.9162450e-04
  -1.0639181e-03
  -1.1229040e-03
  -1.1680366e-03
  -1.1989880e-03
  -1.2156548e-03
  -1.2181602e-03
  -1.2068524e-03
  -1.1822989e-03
  -1.1452764e-03
  -1.0967569e-03
  -1.0378900e-03
  -9.6998263e-04
  -8.9447533e-04
  -8.1291629e-04
  -7.2693367e-04
  -6.3820660e-04
  -5.4843526e-04
  -4.5931089e-04
  -3.7248598e-04
  -2.8954536e-04
  -2.1197873e-04
  -1.4115493e-04
  -7.8298611e-05
  -2.4469561e-05
   1.9454835e-05
   5.2793803e-05
   7.5073765e-05
   8.6035137e-05
   8.5635247e-05
   7.4047330e-05
   5.1655638e-05
   1.9046773e-05
  -2.3002580e-05
  -7.3541288e-05
  -1.3146245e-04
  -1.9552479e-04
  -2.6437634e-04
  -3.3657996e-04
  -4.1064027e-04
  -4.8503142e-04
  -5.5822522e-04
  -6.2871917e-04
  -6.9506379e-04
  -7.5588882e-04
  -8.0992778e-04
  -8.5604055e-04
  -8.9323341e-04
  -9.2067634e-04
  -9.3771716e-04
  -9.4389241e-04
  -9.3893451e-04
  -9.2277540e-04
  -8.9554630e-04
  -8.5757377e-04
  -8.0937198e-04
  -7.5163154e-04
  -6.8520486e-04
  -6.1108844e-04
  -5.3040244e-04
  -4.4436785e-04
  -3.5428174e-04
  -2.6149115e-04
  -1.6736597e-04
  -7.3271548e-05
   1.9458507e-05
   1.0954878e-04
   1.9580708e-04
   2.7714767e-04
   3.5261195e-04
   4.2138644e-04
   4.8281734e-04
   5.3642163e-04
   5.8189428e-04
   6.1911154e-04
   6.4813024e-04
   6.6918302e-04
   6.8266984e-04
   6.8914579e-04
   6.8930562e-04
   6.8396531e-04
   6.7404112e-04
   6.6052663e-04
   6.4446831e-04
   6.2694010e-04
   6.0901770e-04
   5.9175304e-04
   5.7614965e-04
   5.6313928e-04
   5.5356048e-04
   5.4813944e-04
   5.4747353e-04
   5.5201789e-04
   5.6207515e-04
   5.7778868e-04
   5.9913920e-04
   6.2594495e-04
   6.5786529e-04
   6.9440753e-04
   7.3493695e-04
   7.7868963e-04
   8.2478783e-04
   8.7225756e-04
   9.2004803e-04
   9.6705248e-04
   1.0121301e-03
   1.0541283e-03
   1.0919057e-03
   1.1243541e-03
   1.1504202e-03
   1.1691265e-03
   1.1795900e-03
   1.1810396e-03
   1.1728313e-03
   1.1544610e-03
   1.1255740e-03
   1.0859731e-03
   1.0356223e-03
   9.7464841e-04
   9.0333956e-04
   8.2214064e-04
   7.3164627e-04
   6.3259101e-04
   5.2583740e-04
   4.1236180e-04
   2.9323865e-04
   1.6962306e-04
   4.2732582e-05
  -8.6172006e-05
  -2.1580612e-04
  -3.4488090e-04
  -4.7212248e-04
  -5.9629061e-04
  -7.1619636e-04
  -8.3071877e-04
  -9.3881999e-04
  -1.0395588e-03
  -1.1321022e-03
  -1.2157353e-03
  -1.2898685e-03
  -1.3540428e-03
  -1.4079326e-03
  -1.4513461e-03
  -1.4842235e-03
  -1.5066327e-03
  -1.5187634e-03
  -1.5209185e-03
  -1.5135050e-03
  -1.4970220e-03
  -1.4720494e-03
  -1.4392338e-03
  -1.3992758e-03
  -1.3529158e-03
  -1.3009203e-03
  -1.2440689e-03
  -1.1831412e-03
  -1.1189050e-03
  -1.0521051e-03
  -9.8345359e-04
  -9.1362103e-04
  -8.4322907e-04
  -7.7284450e-04
  -7.0297467e-04
  -6.3406433e-04
  -5.6649397e-04
  -5.0057937e-04
  -4.3657254e-04
  -3.7466381e-04
  -3.1498505e-04
  -2.5761374e-04
  -2.0257792e-04
  -1.4986175e-04
  -9.9411613e-05
  -5.1142426e-05
  -4.9442153e-06
   3.9311356e-05
   8.1764582e-05
   1.2256157e-04
   1.6184844e-04
   1.9976604e-04
   2.3644509e-04
   2.7200198e-04
   3.0653520e-04
   3.4012234e-04
   3.7281785e-04
   4.0465139e-04
   4.3562691e-04
   4.6572238e-04
   4.9489007e-04
   5.2305758e-04
   5.5012926e-04
   5.7598822e-04
   6.0049879e-04
   6.2350935e-04
   6.4485544e-04
   6.6436317e-04
   6.8185283e-04
   6.9714261e-04
   7.1005232e-04
   7.2040723e-04
   7.2804175e-04
   7.3280305e-04
   7.3455451e-04
   7.3317896e-04
   7.2858164e-04
   7.2069293e-04
   7.0947066e-04
   6.9490213e-04
   6.7700574e-04
   6.5583211e-04
   6.3146493e-04
   6.0402120e-04
   5.7365115e-04
   5.4053765e-04
   5.0489514e-04
   4.6696816e-04
   4.2702939e-04
   3.8537734e-04
   3.4233352e-04
   2.9823938e-04
   2.5345282e-04
   2.0834438e-04
   1.6329324e-04
   1.1868297e-04
   7.4897027e-05
   3.2314248e-05
  -8.6958630e-06
  -4.7777819e-05
  -8.4594833e-05
  -1.1883342e-04
  -1.5020782e-04
  -1.7846427e-04
  -2.0338485e-04
  -2.2479106e-04
  -2.4254687e-04
  -2.5656126e-04
  -2.6679016e-04
  -2.7323778e-04
  -2.7595713e-04
  -2.7504994e-04
  -2.7066573e-04
  -2.6300019e-04
  -2.5229272e-04
  -2.3882337e-04
  -2.2290898e-04
  -2.0489872e-04
  -1.8516907e-04
  -1.6411828e-04
  -1.4216037e-04
  -1.1971880e-04
  -9.7219925e-05
  -7.5086238e-05
  -5.3729614e-05
  -3.3544609e-05
  -1.4901949e-05
   1.8576836e-06
   1.6429443e-05
   2.8549589e-05
   3.8000110e-05
   4.4612616e-05
   4.8271403e-05
   4.8915616e-05
   4.6540448e-05
   4.1197347e-05
   3.2993192e-05
   2.2088473e-05
   8.6944722e-06
  -6.9304735e-06
  -2.4485581e-05
  -4.3632994e-05
  -6.4003831e-05
  -8.5204779e-05
  -1.0682512e-04
  -1.2844407e-04
  -1.4963825e-04
  -1.6998921e-04
  -1.8909086e-04
  -2.0655657e-04
  -2.2202605e-04
  -2.3517158e-04
  -2.4570369e-04
  -2.5337616e-04
  -2.5799018e-04
  -2.5939765e-04
  -2.5750356e-04
  -2.5226743e-04
  -2.4370379e-04
  -2.3188169e-04
  -2.1692332e-04
  -1.9900174e-04
  -1.7833781e-04
  -1.5519634e-04
  -1.2988167e-04
  -1.0273260e-04
  -7.4116882e-05
  -4.4425329e-05
  -1.4065670e-05
   1.6543810e-05
   4.6980688e-05
   7.6824797e-05
   1.0566451e-04
   1.3310278e-04
   1.5876292e-04
   1.8229393e-04
   2.0337541e-04
   2.2172185e-04
   2.3708639e-04
   2.4926391e-04
   2.5809339e-04
   2.6345964e-04
   2.6529428e-04
   2.6357599e-04
   2.5833012e-04
   2.4962761e-04
   2.3758332e-04
   2.2235372e-04
   2.0413414e-04
   1.8315547e-04
   1.5968050e-04
   1.3399991e-04
   1.0642791e-04
   7.7297757e-05
   4.6957031e-05
   1.5762862e-05
  -1.5922876e-05
  -4.7738338e-05
  -7.9326378e-05
  -1.1033905e-04
  -1.4044192e-04
  -1.6931805e-04
  -1.9667172e-04
  -2.2223171e-04
  -2.4575426e-04
  -2.6702548e-04
  -2.8586334e-04
  -3.0211918e-04
  -3.1567865e-04
  -3.2646218e-04
  -3.3442498e-04
  -3.3955642e-04
  -3.4187911e-04
  -3.4144737e-04
  -3.3834540e-04
  -3.3268505e-04
  -3.2460319e-04
  -3.1425892e-04
  -3.0183041e-04
  -2.8751168e-04
  -2.7150919e-04
  -2.5403836e-04
  -2.3532015e-04
  -2.1557761e-04
  -1.9503260e-04
  -1.7390260e-04
  -1.5239780e-04
  -1.3071840e-04
  -1.0905221e-04
  -8.7572548e-05
  -6.6436522e-05
  -4.5783674e-05
  -2.5734972e-05
  -6.3922081e-06
   1.2162245e-05
   2.9865301e-05
   4.6672679e-05
   6.2558088e-05
   7.7512106e-05
   9.1540767e-05
   1.0466390e-04
   1.1691327e-04
   1.2833049e-04
   1.3896485e-04
   1.4887103e-04
   1.5810675e-04
   1.6673048e-04
   1.7479914e-04
   1.8236599e-04
   1.8947862e-04
   1.9617720e-04
   2.0249295e-04
   2.0844692e-04
   2.1404917e-04
   2.1929816e-04
   2.2418066e-04
   2.2867196e-04
   2.3273647e-04
   2.3632870e-04
   2.3939461e-04
   2.4187316e-04
   2.4369831e-04
   2.4480111e-04
   2.4511208e-04
   2.4456361e-04
   2.4309256e-04
   2.4064273e-04
   2.3716741e-04
   2.3263166e-04
   2.2701453e-04
   2.2031092e-04
   2.1253323e-04
   2.0371252e-04
   1.9389943e-04
   1.8316451e-04
   1.7159822e-04
   1.5931038e-04
   1.4642922e-04
   1.3309991e-04
   1.1948275e-04
   1.0575087e-04
   9.2087626e-05
   7.8683670e-05
   6.5733726e-05
   5.3433203e-05
   4.1974643e-05
   3.1544100e-05
   2.2317508e-05
   1.4457120e-05
   8.1080709e-06
   3.3951480e-06
   4.1983158e-07
  -7.4233492e-07
  -4.3982165e-08
   2.5322902e-06
   6.9726062e-06
   1.3231030e-05
   2.1229333e-05
   3.0857323e-05
   4.1973752e-05
   5.4407776e-05
   6.7960975e-05
   8.2409881e-05
   9.7508991e-05
   1.1299421e-04
   1.2858668e-04
   1.4399690e-04
   1.5892910e-04
   1.7308580e-04
   1.8617239e-04
   1.9790181e-04
   2.0799900e-04
   2.1620539e-04
   2.2228293e-04
   2.2601795e-04
   2.2722459e-04
   2.2574776e-04
   2.2146565e-04
   2.1429165e-04
   2.0417576e-04
   1.9110540e-04
   1.7510559e-04
   1.5623861e-04
   1.3460300e-04
   1.1033207e-04
   8.3591862e-05
   5.4578561e-05
   2.3515549e-05
  -9.3500059e-06
  -4.3750875e-05
  -7.9403768e-05
  -1.1601354e-04
  -1.5327751e-04
  -1.9088986e-04
  -2.2854592e-04
  -2.6594640e-04
  -3.0280139e-04
  -3.3883404e-04
  -3.7378389e-04
  -4.0740980e-04
  -4.3949229e-04
  -4.6983549e-04
  -4.9826837e-04
  -5.2464546e-04
  -5.4884698e-04
  -5.7077830e-04
  -5.9036895e-04
  -6.0757099e-04
  -6.2235700e-04
  -6.3471760e-04
  -6.4465867e-04
  -6.5219830e-04
  -6.5736365e-04
  -6.6018774e-04
  -6.6070622e-04
  -6.5895444e-04
  -6.5496470e-04
  -6.4876382e-04
  -6.4037121e-04
  -6.2979745e-04
  -6.1704338e-04
  -6.0209985e-04
  -5.8494811e-04
  -5.6556080e-04
  -5.4390366e-04
  -5.1993777e-04
  -4.9362236e-04
  -4.6491811e-04
  -4.3379089e-04
  -4.0021572e-04
  -3.6418101e-04
  -3.2569281e-04
  -2.8477904e-04
  -2.4149360e-04
  -1.9592014e-04
  -1.4817542e-04
  -9.8412269e-05
  -4.6821810e-05
   6.3648988e-06
   6.0876048e-05
   1.1639907e-04
   1.7258150e-04
   2.2903278e-04
   2.8532698e-04
   3.4100643e-04
   3.9558634e-04
   4.4856021e-04
   4.9940619e-04
   5.4759410e-04
   5.9259321e-04
   6.3388053e-04
   6.7094959e-04
   7.0331947e-04
   7.3054403e-04
   7.5222108e-04
   7.6800133e-04
   7.7759698e-04
   7.8078965e-04
   7.7743762e-04
   7.6748200e-04
   7.5095186e-04
   7.2796796e-04
   6.9874516e-04
   6.6359314e-04
   6.2291562e-04
   5.7720778e-04
   5.2705200e-04
   4.7311191e-04
   4.1612476e-04
   3.5689216e-04
   2.9626946e-04
   2.3515367e-04
   1.7447035e-04
   1.1515948e-04
   5.8160632e-05
   4.3976355e-06
  -4.5236938e-05
  -8.9897257e-05
  -1.2879937e-04
  -1.6123573e-04
  -1.8658880e-04
  -2.0434354e-04
  -2.1409838e-04
  -2.1557463e-04
  -2.0862394e-04
  -1.9323377e-04
  -1.6953056e-04
  -1.3778069e-04
  -9.8388998e-05
  -5.1894901e-05
   1.0338930e-06
   5.9609973e-05
   1.2293705e-04
   1.9002285e-04
   2.5979384e-04
   3.3111166e-04
   4.0279081e-04
   4.7361749e-04
   5.4236908e-04
   6.0783412e-04
   6.6883213e-04
   7.2423328e-04
   7.7297726e-04
   8.1409111e-04
   8.4670572e-04
   8.7007069e-04
   8.8356716e-04
   8.8671859e-04
   8.7919905e-04
   8.6083914e-04
   8.3162919e-04
   7.9171981e-04
   7.4141987e-04
   6.8119169e-04
   6.1164387e-04
   5.3352159e-04
   4.4769481e-04
   3.5514443e-04
   2.5694673e-04
   1.5425636e-04
   4.8288210e-05
  -5.9701526e-05
  -1.6843480e-04
  -2.7663127e-04
  -3.8302771e-04
  -4.8639690e-04
  -5.8556569e-04
  -6.7943201e-04
  -7.6698049e-04
  -8.4729653e-04
  -9.1957853e-04
  -9.8314820e-04
  -1.0374588e-03
  -1.0821011e-03
  -1.1168073e-03
  -1.1414523e-03
  -1.1560533e-03
  -1.1607667e-03
  -1.1558831e-03
  -1.1418204e-03
  -1.1191147e-03
  -1.0884103e-03
  -1.0504474e-03
  -1.0060489e-03
  -9.5610652e-04
  -9.0156554e-04
  -8.4340946e-04
  -7.8264426e-04
  -7.2028263e-04
  -6.5732844e-04
  -5.9476167e-04
  -5.3352397e-04
  -4.7450514e-04
  -4.1853068e-04
  -3.6635044e-04
  -3.1862876e-04
  -2.7593603e-04
  -2.3874177e-04
  -2.0740940e-04
  -1.8219264e-04
  -1.6323362e-04
  -1.5056266e-04
  -1.4409969e-04
  -1.4365731e-04
  -1.4894531e-04
  -1.5957668e-04
  -1.7507491e-04
  -1.9488250e-04
  -2.1837051e-04
  -2.4484900e-04
  -2.7357824e-04
  -3.0378045e-04
  -3.3465195e-04
  -3.6537548e-04
  -3.9513260e-04
  -4.2311588e-04
  -4.4854087e-04
  -4.7065742e-04
  -4.8876055e-04
  -5.0220038e-04
  -5.1039127e-04
  -5.1281984e-04
  -5.0905195e-04
  -4.9873841e-04
  -4.8161949e-04
  -4.5752805e-04
  -4.2639143e-04
  -3.8823193e-04
  -3.4316601e-04
  -2.9140220e-04
  -2.3323775e-04
  -1.6905417e-04
  -9.9311637e-05
  -2.4542446e-05
   5.4656412e-05
   1.3763143e-04
   2.2368137e-04
   3.1206658e-04
   4.0201855e-04
   4.9274982e-04
   5.8346379e-04
   6.7336462e-04
   7.6166673e-04
   8.4760413e-04
   9.3043918e-04
   1.0094708e-03
   1.0840421e-03
   1.1535469e-03
   1.2174359e-03
   1.2752217e-03
   1.3264826e-03
   1.3708659e-03
   1.4080897e-03
   1.4379443e-03
   1.4602920e-03
   1.4750664e-03
   1.4822707e-03
   1.4819752e-03
   1.4743136e-03
   1.4594799e-03
   1.4377230e-03
   1.4093425e-03
   1.3746827e-03
   1.3341274e-03
   1.2880938e-03
   1.2370266e-03
   1.1813921e-03
   1.1216722e-03
   1.0583586e-03
   9.9194713e-04
   9.2293279e-04
   8.5180437e-04
   7.7903998e-04
   7.0510274e-04
   6.3043694e-04
   5.5546458e-04
   4.8058241e-04
   4.0615934e-04
   3.3253433e-04
   2.6001469e-04
   1.8887485e-04
   1.1935551e-04
   5.1663271e-05
  -1.4029391e-05
  -7.7583680e-05
  -1.3889368e-04
  -1.9788514e-04
  -2.5451394e-04
  -3.0876414e-04
  -3.6064574e-04
  -4.1019213e-04
  -4.5745727e-04
  -5.0251263e-04
  -5.4544392e-04
  -5.8634769e-04
  -6.2532784e-04
  -6.6249204e-04
  -6.9794819e-04
  -7.3180097e-04
  -7.6414845e-04
  -7.9507894e-04
  -8.2466810e-04
  -8.5297625e-04
  -8.8004612e-04
  -9.0590097e-04
  -9.3054305e-04
  -9.5395263e-04
  -9.7608741e-04
  -9.9688243e-04
  -1.0162505e-03
  -1.0340830e-03
  -1.0502514e-03
  -1.0646088e-03
  -1.0769925e-03
  -1.0872262e-03
  -1.0951234e-03
  -1.1004903e-03
  -1.1031296e-03
  -1.1028441e-03
  -1.0994407e-03
  -1.0927344e-03
  -1.0825521e-03
  -1.0687370e-03
  -1.0511520e-03
  -1.0296837e-03
  -1.0042456e-03
  -9.7478161e-04
  -9.4126836e-04
  -9.0371783e-04
  -8.6217910e-04
  -8.1673970e-04
  -7.6752638e-04
  -7.1470533e-04
  -6.5848174e-04
  -5.9909884e-04
  -5.3683622e-04
  -4.7200772e-04
  -4.0495858e-04
  -3.3606218e-04
  -2.6571624e-04
  -1.9433852e-04
  -1.2236230e-04
  -5.0231342e-05
   2.1605182e-05
   9.2698059e-05
   1.6260338e-04
   2.3088787e-04
   2.9713415e-04
   3.6094567e-04
   4.2195151e-04
   4.7981067e-04
   5.3421599e-04
   5.8489754e-04
   6.3162545e-04
   6.7421211e-04
   7.1251376e-04
   7.4643138e-04
   7.7591093e-04
   8.0094291e-04
   8.2156119e-04
   8.3784131e-04
   8.4989805e-04
   8.5788253e-04
   8.6197874e-04
   8.6239964e-04
   8.5938286e-04
   8.5318612e-04
   8.4408239e-04
   8.3235492e-04
   8.1829220e-04
   8.0218291e-04
   7.8431104e-04
   7.6495113e-04
   7.4436376e-04
   7.2279146e-04
   7.0045489e-04
   6.7754959e-04
   6.5424320e-04
   6.3067319e-04
   6.0694529e-04
   5.8313244e-04
   5.5927445e-04
   5.3537828e-04
   5.1141895e-04
   4.8734108e-04
   4.6306107e-04
   4.3846983e-04
   4.1343597e-04
   3.8780955e-04
   3.6142618e-04
   3.3411150e-04
   3.0568590e-04
   2.7596942e-04
   2.4478680e-04
   2.1197254e-04
   1.7737587e-04
   1.4086568e-04
   1.0233511e-04
   6.1705976e-05
   1.8932722e-05
  -2.5993986e-05
  -7.3044216e-05
  -1.2214628e-04
  -1.7318488e-04
  -2.2599993e-04
  -2.8038612e-04
  -3.3609327e-04
  -3.9282741e-04
  -4.5025277e-04
  -5.0799448e-04
  -5.6564215e-04
  -6.2275413e-04
  -6.7886256e-04
  -7.3347900e-04
  -7.8610069e-04
  -8.3621723e-04
  -8.8331765e-04
  -9.2689774e-04
  -9.6646751e-04
  -1.0015586e-03
  -1.0317317e-03
  -1.0565833e-03
  -1.0757529e-03
  -1.0889286e-03
  -1.0958528e-03
  -1.0963271e-03
  -1.0902160e-03
  -1.0774501e-03
  -1.0580280e-03
  -1.0320174e-03
  -9.9955484e-04
  -9.6084497e-04
  -9.1615804e-04
  -8.6582691e-04
  -8.1024279e-04
  -7.4985023e-04
  -6.8514112e-04
  -6.1664802e-04
  -5.4493678e-04
  -4.7059857e-04
  -3.9424156e-04
  -3.1648214e-04
  -2.3793606e-04
  -1.5920950e-04
  -8.0890093e-05
  -3.5383598e-06
   7.2320695e-05
   1.4620541e-04
   2.1768473e-04
   2.8638475e-04
   3.5199440e-04
   4.1427023e-04
   4.7304019e-04
   5.2820623e-04
   5.7974579e-04
   6.2771212e-04
   6.7223323e-04
   7.1350971e-04
   7.5181122e-04
   7.8747171e-04
   8.2088356e-04
   8.5249043e-04
   8.8277913e-04
   9.1227047e-04
   9.4150917e-04
   9.7105308e-04
   1.0014616e-03
   1.0332838e-03
   1.0670458e-03
   1.1032382e-03
   1.1423035e-03
   1.1846230e-03
   1.2305050e-03
   1.2801727e-03
   1.3337525e-03
   1.3912640e-03
   1.4526106e-03
   1.5175706e-03
   1.5857912e-03
   1.6567823e-03
   1.7299134e-03
   1.8044120e-03
   1.8793634e-03
   1.9537138e-03
   2.0262747e-03
   2.0957306e-03
   2.1606487e-03
   2.2194910e-03
   2.2706299e-03
   2.3123651e-03
   2.3429444e-03
   2.3605855e-03
   2.3635012e-03
   2.3499261e-03
   2.3181450e-03
   2.2665229e-03
   2.1935363e-03
   2.0978047e-03
   1.9781227e-03
   1.8334916e-03
   1.6631500e-03
   1.4666034e-03
   1.2436515e-03
   9.9441244e-04
   7.1934511e-04
   4.1926620e-04
   9.5363796e-05
  -2.5079415e-04
  -6.1725673e-04
  -1.0016926e-03
  -1.4013989e-03
  -1.8133156e-03
  -2.2340475e-03
  -2.6598919e-03
  -3.0868722e-03
  -3.5107788e-03
  -3.9272147e-03
  -4.3316470e-03
  -4.7194626e-03
  -5.0860284e-03
  -5.4267545e-03
  -5.7371591e-03
  -6.0129353e-03
  -6.2500180e-03
  -6.4446491e-03
  -6.5934414e-03
  -6.6934385e-03
  -6.7421706e-03
  -6.7377043e-03
  -6.6786859e-03
  -6.5643769e-03
  -6.3946811e-03
  -6.1701616e-03
  -5.8920490e-03
  -5.5622382e-03
  -5.1832752e-03
  -4.7583328e-03
  -4.2911758e-03
  -3.7861165e-03
  -3.2479604e-03
  -2.6819428e-03
  -2.0936583e-03
  -1.4889835e-03
  -8.7399464e-04
  -2.5488189e-04
   3.6213847e-04
   9.7091175e-04
   1.5654311e-03
   2.1399205e-03
   2.6889128e-03
   3.2073224e-03
   3.6905094e-03
   4.1343367e-03
   4.5352174e-03
   4.8901527e-03
   5.1967595e-03
   5.4532881e-03
   5.6586296e-03
   5.8123128e-03
   5.9144921e-03
   5.9659257e-03
   5.9679460e-03
   5.9224213e-03
   5.8317120e-03
   5.6986199e-03
   5.5263336e-03
   5.3183696e-03
   5.0785116e-03
   4.8107474e-03
   4.5192062e-03
   4.2080960e-03
   3.8816430e-03
   3.5440335e-03
   3.1993587e-03
   2.8515637e-03
   2.5044021e-03
   2.1613941e-03
   1.8257919e-03
   1.5005499e-03
   1.1883016e-03
   8.9134224e-04
   6.1161775e-04
   3.5071983e-04
   1.0988647e-04
  -1.0999199e-04
  -3.0836170e-04
  -4.8498977e-04
  -6.3994458e-04
  -7.7357265e-04
  -8.8647271e-04
  -9.7946747e-04
  -1.0535737e-03
  -1.1099716e-03
  -1.1499730e-03
  -1.1749908e-03
  -1.1865082e-03
  -1.1860495e-03
  -1.1751525e-03
  -1.1553426e-03
  -1.1281099e-03
  -1.0948877e-03
  -1.0570353e-03
  -1.0158221e-03
  -9.7241564e-04
  -9.2787250e-04
  -8.8313147e-04
  -8.3901013e-04
  -7.9620371e-04
  -7.5528648e-04
  -7.1671528e-04
  -6.8083501e-04
  -6.4788578e-04
  -6.1801145e-04
  -5.9126929e-04
  -5.6764038e-04
  -5.4704059e-04
  -5.2933184e-04
  -5.1433321e-04
  -5.0183201e-04
  -4.9159425e-04
  -4.8337447e-04
  -4.7692491e-04
  -4.7200356e-04
  -4.6838128e-04
  -4.6584785e-04
  -4.6421674e-04
  -4.6332881e-04
  -4.6305482e-04
  -4.6329680e-04
  -4.6398834e-04
  -4.6509382e-04
  -4.6660685e-04
  -4.6854766e-04
  -4.7096004e-04
  -4.7390744e-04
  -4.7746881e-04
  -4.8173396e-04
  -4.8679885e-04
  -4.9276071e-04
  -4.9971326e-04
  -5.0774206e-04
  -5.1692013e-04
  -5.2730391e-04
  -5.3892955e-04
  -5.5180977e-04
  -5.6593115e-04
  -5.8125198e-04
  -5.9770070e-04
  -6.1517489e-04
  -6.3354086e-04
  -6.5263385e-04
  -6.7225873e-04
  -6.9219136e-04
  -7.1218038e-04
  -7.3194959e-04
  -7.5120075e-04
  -7.6961688e-04
  -7.8686595e-04
  -8.0260501e-04
  -8.1648456e-04
  -8.2815336e-04
  -8.3726339e-04
  -8.4347505e-04
  -8.4646249e-04
  -8.4591894e-04
  -8.4156209e-04
  -8.3313931e-04
  -8.2043264e-04
  -8.0326353e-04
  -7.8149720e-04
  -7.5504643e-04
  -7.2387481e-04
  -6.8799934e-04
  -6.4749224e-04
  -6.0248190e-04
  -5.5315298e-04
  -4.9974566e-04
  -4.4255379e-04
  -3.8192231e-04
  -3.1824358e-04
  -2.5195300e-04
  -1.8352370e-04
  -1.1346069e-04
  -4.2294193e-05
   2.9427352e-05
   1.0114473e-04
   1.7229564e-04
   2.4232242e-04
   3.1067983e-04
   3.7684252e-04
   4.4031233e-04
   5.0062503e-04
   5.5735661e-04
   6.1012881e-04
   6.5861404e-04
   7.0253946e-04
   7.4169016e-04
   7.7591154e-04
   8.0511079e-04
   8.2925737e-04
   8.4838275e-04
   8.6257911e-04
   8.7199739e-04
   8.7684438e-04
   8.7737915e-04
   8.7390881e-04
   8.6678358e-04
   8.5639141e-04
   8.4315203e-04
   8.2751068e-04
   8.0993155e-04
   7.9089098e-04
   7.7087054e-04
   7.5035012e-04
   7.2980103e-04
   7.0967927e-04
   6.9041905e-04
   6.7242653e-04
   6.5607403e-04
   6.4169468e-04
   6.2957749e-04
   6.1996314e-04
   6.1304025e-04
   6.0894245e-04
   6.0774603e-04
   6.0946849e-04
   6.1406770e-04
   6.2144196e-04
   6.3143080e-04
   6.4381660e-04
   6.5832691e-04
   6.7463770e-04
   6.9237715e-04
   7.1113030e-04
   7.3044425e-04
   7.4983408e-04
   7.6878922e-04
   7.8678039e-04
   8.0326689e-04
   8.1770425e-04
   8.2955207e-04
   8.3828203e-04
   8.4338584e-04
   8.4438317e-04
   8.4082934e-04
   8.3232260e-04
   8.1851109e-04
   7.9909909e-04
   7.7385267e-04
   7.4260448e-04
   7.0525766e-04
   6.6178873e-04
   6.1224948e-04
   5.5676764e-04
   4.9554653e-04
   4.2886348e-04
   3.5706715e-04
   2.8057370e-04
   1.9986202e-04
   1.1546788e-04
   2.7977269e-05
  -6.1981055e-05
  -1.5374368e-04
  -2.4662119e-04
  -3.3990717e-04
  -4.3288755e-04
  -5.2484997e-04
  -6.1509319e-04
  -7.0293625e-04
  -7.8772738e-04
  -8.6885237e-04
  -9.4574237e-04
  -1.0178810e-03
  -1.0848105e-03
  -1.1461373e-03
  -1.2015360e-03
  -1.2507528e-03
  -1.2936079e-03
  -1.3299960e-03
  -1.3598866e-03
  -1.3833228e-03
  -1.4004187e-03
  -1.4113563e-03
  -1.4163809e-03
  -1.4157960e-03
  -1.4099569e-03
  -1.3992642e-03
  -1.3841559e-03
  -1.3650995e-03
  -1.3425838e-03
  -1.3171102e-03
  -1.2891839e-03
  -1.2593055e-03
  -1.2279627e-03
  -1.1956224e-03
  -1.1627231e-03
  -1.1296682e-03
  -1.0968199e-03
  -1.0644945e-03
  -1.0329573e-03
  -1.0024201e-03
  -9.7303847e-04
  -9.4491069e-04
  -9.1807736e-04
  -8.9252226e-04
  -8.6817397e-04
  -8.4490851e-04
  -8.2255268e-04
  -8.0088825e-04
  -7.7965665e-04
  -7.5856433e-04
  -7.3728845e-04
  -7.1548287e-04
  -6.9278444e-04
  -6.6881926e-04
  -6.4320898e-04
  -6.1557700e-04
  -5.8555445e-04
  -5.5278586e-04
  -5.1693453e-04
  -4.7768741e-04
  -4.3475958e-04
  -3.8789824e-04
  -3.3688611e-04
  -2.8154440e-04
  -2.2173518e-04
  -1.5736331e-04
  -8.8377756e-05
  -1.4772587e-05
   6.3412624e-05
   1.4609272e-04
   2.3313729e-04
   3.2437129e-04
   4.1957603e-04
   5.1849029e-04
   6.2081165e-04
   7.2619802e-04
   8.3426916e-04
   9.4460831e-04
   1.0567638e-03
   1.1702507e-03
   1.2845525e-03
   1.3991224e-03
   1.5133852e-03
   1.6267386e-03
   1.7385548e-03
   1.8481822e-03
   1.9549466e-03
   2.0581535e-03
   2.1570896e-03
   2.2510251e-03
   2.3392163e-03
   2.4209083e-03
   2.4953387e-03
   2.5617411e-03
   2.6193497e-03
   2.6674045e-03
   2.7051575e-03
   2.7318785e-03
   2.7468630e-03
   2.7494402e-03
   2.7389811e-03
   2.7149082e-03
   2.6767048e-03
   2.6239249e-03
   2.5562036e-03
   2.4732669e-03
   2.3749417e-03
   2.2611657e-03
   2.1319960e-03
   1.9876181e-03
   1.8283523e-03
   1.6546610e-03
   1.4671527e-03
   1.2665856e-03
   1.0538694e-03
   8.3006431e-04
   5.9637924e-04
   3.5416682e-04
   1.0491668e-04
  -1.4975374e-04
  -4.0811063e-04
  -6.6831761e-04
  -9.2845163e-04
  -1.1865210e-03
  -1.4404853e-03
  -1.6882768e-03
  -1.9278235e-03
  -2.1570733e-03
  -2.3740183e-03
  -2.5767205e-03
  -2.7633364e-03
  -2.9321421e-03
  -3.0815569e-03
  -3.2101662e-03
  -3.3167422e-03
  -3.4002634e-03
  -3.4599306e-03
  -3.4951813e-03
  -3.5057000e-03
  -3.4914264e-03
  -3.4525591e-03
  -3.3895564e-03
  -3.3031328e-03
  -3.1942525e-03
  -3.0641189e-03
  -2.9141604e-03
  -2.7460133e-03
  -2.5615014e-03
  -2.3626129e-03
  -2.1514747e-03
  -1.9303251e-03
  -1.7014842e-03
  -1.4673243e-03
  -1.2302380e-03
  -9.9260774e-04
  -7.5677469e-04
  -5.2500859e-04
  -2.9947907e-04
  -8.2228460e-05
   1.2485313e-04
   3.2005029e-04
   5.0184190e-04
   6.6891760e-04
   8.2019084e-04
   9.5480844e-04
   1.0721565e-03
   1.1718624e-03
   1.2537935e-03
   1.3180521e-03
   1.3649664e-03
   1.3950790e-03
   1.4091319e-03
   1.4080489e-03
   1.3929153e-03
   1.3649566e-03
   1.3255140e-03
   1.2760202e-03
   1.2179738e-03
   1.1529135e-03
   1.0823925e-03
   1.0079535e-03
   9.3110490e-04
   8.5329819e-04
   7.7590733e-04
   7.0021007e-04
   6.2737178e-04
   5.5843185e-04
   4.9429279e-04
   4.3571229e-04
   3.8329813e-04
   3.3750601e-04
   2.9864020e-04
   2.6685688e-04
   2.4216994e-04
   2.2445913e-04
   2.1348014e-04
   2.0887647e-04
   2.1019264e-04
   2.1688844e-04
   2.2835404e-04
   2.4392528e-04
   2.6289923e-04
   2.8454939e-04
   3.0814040e-04
   3.3294195e-04
   3.5824173e-04
   3.8335711e-04
   4.0764558e-04
   4.3051357e-04
   4.5142388e-04
   4.6990141e-04
   4.8553736e-04
   4.9799179e-04
   5.0699473e-04
   5.1234583e-04
   5.1391267e-04
   5.1162791e-04
   5.0548536e-04
   4.9553528e-04
   4.8187883e-04
   4.6466216e-04
   4.4407005e-04
   4.2031949e-04
   3.9365320e-04
   3.6433343e-04
   3.3263596e-04
   2.9884464e-04
   2.6324645e-04
   2.2612720e-04
   1.8776784e-04
   1.4844161e-04
   1.0841174e-04
   6.7929986e-05
   2.7235691e-05
  -1.3444459e-05
  -5.3896221e-05
  -9.3917114e-05
  -1.3331540e-04
  -1.7190881e-04
  -2.0952315e-04
  -2.4599082e-04
  -2.8114945e-04
  -3.1484062e-04
  -3.4690888e-04
  -3.7720106e-04
  -4.0556590e-04
  -4.3185414e-04
  -4.5591902e-04
  -4.7761718e-04
  -4.9681003e-04
  -5.1336544e-04
  -5.2715983e-04
  -5.3808044e-04
  -5.4602794e-04
  -5.5091897e-04
  -5.5268889e-04
  -5.5129427e-04
  -5.4671537e-04
  -5.3895822e-04
  -5.2805648e-04
  -5.1407270e-04
  -4.9709928e-04
  -4.7725867e-04
  -4.5470312e-04
  -4.2961373e-04
  -4.0219888e-04
  -3.7269204e-04
  -3.4134900e-04
  -3.0844453e-04
  -2.7426854e-04
  -2.3912188e-04
  -2.0331174e-04
  -1.6714693e-04
  -1.3093289e-04
  -9.4966837e-05
  -5.9532937e-05
  -2.4897710e-05
   8.6942160e-06
   4.1023921e-05
   7.1901464e-05
   1.0116854e-04
   1.2870044e-04
   1.5440723e-04
   1.7823421e-04
   2.0016144e-04
   2.2020253e-04
   2.3840260e-04
   2.5483540e-04
   2.6959976e-04
   2.8281534e-04
   2.9461789e-04
   3.0515396e-04
   3.1457540e-04
   3.2303358e-04
   3.3067367e-04
   3.3762896e-04
   3.4401553e-04
   3.4992725e-04
   3.5543142e-04
   3.6056502e-04
   3.6533181e-04
   3.6970032e-04
   3.7360276e-04
   3.7693497e-04
   3.7955750e-04
   3.8129761e-04
   3.8195238e-04
   3.8129283e-04
   3.7906884e-04
   3.7501504e-04
   3.6885722e-04
   3.6031944e-04
   3.4913148e-04
   3.3503648e-04
   3.1779875e-04
   2.9721134e-04
   2.7310341e-04
   2.4534705e-04
   2.1386349e-04
   1.7862853e-04
   1.3967701e-04
   9.7106202e-05
   5.1078152e-05
   1.8206756e-06
  -5.0372832e-05
  -1.0514490e-04
  -1.6207675e-04
  -2.2069234e-04
  -2.8046357e-04
  -3.4081660e-04
  -4.0113915e-04
  -4.6078871e-04
  -5.1910146e-04
  -5.7540181e-04
  -6.2901228e-04
  -6.7926374e-04
  -7.2550563e-04
  -7.6711612e-04
  -8.0351198e-04
  -8.3415803e-04
  -8.5857595e-04
  -8.7635236e-04
  -8.8714597e-04
  -8.9069379e-04
  -8.8681615e-04
  -8.7542050e-04
  -8.5650400e-04
  -8.3015474e-04
  -7.9655157e-04
  -7.5596259e-04
  -7.0874234e-04
  -6.5532758e-04
  -5.9623190e-04
  -5.3203912e-04
  -4.6339561e-04
  -3.9100167e-04
  -3.1560211e-04
  -2.3797609e-04
  -1.5892658e-04
  -7.9269310e-05
   1.7826273e-07
   7.8608098e-05
   1.5523246e-04
   2.2929445e-04
   3.0007800e-04
   3.6691722e-04
   4.2920483e-04
   4.8639972e-04
   5.3803339e-04
   5.8371525e-04
   6.2313671e-04
   6.5607394e-04
   6.8238936e-04
   7.0203182e-04
   7.1503547e-04
   7.2151737e-04
   7.2167394e-04
   7.1577619e-04
   7.0416406e-04
   6.8723969e-04
   6.6546003e-04
   6.3932870e-04
   6.0938731e-04
   5.7620652e-04
   5.4037673e-04
   5.0249878e-04
   4.6317472e-04
   4.2299872e-04
   3.8254844e-04
   3.4237678e-04
   3.0300432e-04
   2.6491237e-04
   2.2853693e-04
   1.9426342e-04
   1.6242250e-04
   1.3328673e-04
   1.0706836e-04
   8.3918171e-05
   6.3925278e-05
   4.7118047e-05
   3.3465950e-05
   2.2882377e-05
   1.5228323e-05
   1.0316867e-05
   7.9183585e-06
   7.7661965e-06
   9.5630958e-06
   1.2987713e-05
   1.7701506e-05
   2.3355698e-05
   2.9598208e-05
   3.6080431e-05
   4.2463727e-05
   4.8425519e-05
   5.3664881e-05
   5.7907530e-05
   6.0910138e-05
   6.2463912e-05
   6.2397381e-05
   6.0578379e-05
   5.6915208e-05
   5.1356987e-05
   4.3893217e-05
   3.4552607e-05
   2.3401197e-05
   1.0539868e-05
  -3.8987113e-06
  -1.9753593e-05
  -3.6839447e-05
  -5.4950741e-05
  -7.3866113e-05
  -9.3352846e-05
  -1.1317134e-04
  -1.3307953e-04
  -1.5283711e-04
  -1.7220954e-04
  -1.9097175e-04
  -2.0891147e-04
  -2.2583220e-04
  -2.4155564e-04
  -2.5592373e-04
  -2.6880020e-04
  -2.8007156e-04
  -2.8964769e-04
  -2.9746190e-04
  -3.0347064e-04
  -3.0765270e-04
  -3.1000811e-04
  -3.1055677e-04
  -3.0933678e-04
  -3.0640253e-04
  -3.0182274e-04
  -2.9567836e-04
  -2.8806043e-04
  -2.7906803e-04
  -2.6880621e-04
  -2.5738415e-04
  -2.4491337e-04
  -2.3150623e-04
  -2.1727454e-04
  -2.0232851e-04
  -1.8677584e-04
  -1.7072109e-04
  -1.5426527e-04
  -1.3750564e-04
  -1.2053572e-04
  -1.0344539e-04
  -8.6321247e-05
  -6.9246957e-05
  -5.2303735e-05
  -3.5570825e-05
  -1.9125980e-05
  -3.0459011e-06
   1.2593412e-05
   2.7716404e-05
   4.2247853e-05
   5.6112893e-05
   6.9237216e-05
   8.1547428e-05
   9.2971585e-05
   1.0343989e-04
   1.1288554e-04
   1.2124571e-04
   1.2846265e-04
   1.3448488e-04
   1.3926840e-04
   1.4277802e-04
   1.4498855e-04
   1.4588603e-04
   1.4546890e-04
   1.4374894e-04
   1.4075215e-04
   1.3651941e-04
   1.3110696e-04
   1.2458658e-04
   1.1704559e-04
   1.0858656e-04
   9.9326743e-05
   8.9397255e-05
   7.8942004e-05
   6.8116335e-05
   5.7085460e-05
   4.6022649e-05
   3.5107235e-05
