  -7.8453639e-07
  -8.5820965e-03
  -1.5204292e-02
  -1.8646776e-02
  -1.8873933e-02
  -1.6994934e-02
  -1.4757389e-02
  -1.3791102e-02
  -1.4914852e-02
  -1.7792129e-02
  -2.1074282e-02
  -2.2956558e-02
  -2.1897981e-02
  -1.7210657e-02
  -9.3139008e-03
   3.9668323e-04
   9.9724564e-03
   1.7449850e-02
   2.1320803e-02
   2.0821293e-02
   1.6018672e-02
   7.7443128e-03
  -2.5665984e-03
  -1.3087824e-02
  -2.1857354e-02
  -2.7076361e-02
  -2.7432191e-02
  -2.2387590e-02
  -1.2355003e-02
   1.3107736e-03
   1.6521016e-02
   3.0828360e-02
   4.1894364e-02
   4.7948730e-02
   4.8129677e-02
   4.2617049e-02
   3.2529583e-02
   1.9630732e-02
   5.9368684e-03
  -6.6702837e-03
  -1.6747826e-02
  -2.3463972e-02
  -2.6620544e-02
  -2.6545064e-02
  -2.3911169e-02
  -1.9562633e-02
  -1.4392582e-02
  -9.2797239e-03
  -5.0422620e-03
  -2.3636122e-03
  -1.6732716e-03
  -3.0114724e-03
  -5.9417989e-03
  -9.5822429e-03
  -1.2791869e-02
  -1.4482220e-02
  -1.3952040e-02
  -1.1116137e-02
  -6.5319012e-03
  -1.2005262e-03
   3.7937334e-03
   7.6699092e-03
   1.0201351e-02
   1.1721728e-02
   1.2887236e-02
   1.4309236e-02
   1.6226129e-02
   1.8353517e-02
   1.9960891e-02
   2.0126964e-02
   1.8069095e-02
   1.3433798e-02
   6.4627154e-03
  -2.0028572e-03
  -1.0665902e-02
  -1.8022032e-02
  -2.2659378e-02
  -2.3557693e-02
  -2.0334205e-02
  -1.3384338e-02
  -3.8748865e-03
   6.4307960e-03
   1.5505050e-02
   2.1494908e-02
   2.3168727e-02
   2.0237096e-02
   1.3431988e-02
   4.3070412e-03
  -5.1746603e-03
  -1.3127674e-02
  -1.8162488e-02
  -1.9640233e-02
  -1.7734192e-02
  -1.3317408e-02
  -7.7196007e-03
  -2.4039539e-03
   1.3791744e-03
   2.8903126e-03
   2.0717979e-03
  -4.6231007e-04
  -3.6132637e-03
  -6.1004915e-03
  -6.7960004e-03
  -5.0170184e-03
  -7.2389480e-04
   5.4171887e-03
   1.2134700e-02
   1.7815061e-02
   2.0883509e-02
   2.0213199e-02
   1.5453255e-02
   7.1841554e-03
  -3.1453108e-03
  -1.3497022e-02
  -2.1696989e-02
  -2.5977585e-02
  -2.5466808e-02
  -2.0449820e-02
  -1.2272819e-02
  -2.8944920e-03
   5.7453240e-03
   1.2277391e-02
   1.6157913e-02
   1.7572026e-02
   1.7112908e-02
   1.5450127e-02
   1.3147051e-02
   1.0649251e-02
   8.3504244e-03
   6.6168737e-03
   5.7090447e-03
   5.6299736e-03
   6.0008586e-03
   6.0723298e-03
   4.9192131e-03
   1.7708441e-03
  -3.6498317e-03
  -1.0927219e-02
  -1.8993405e-02
  -2.6404327e-02
  -3.1745354e-02
  -3.4013656e-02
  -3.2849458e-02
  -2.8554980e-02
  -2.1915438e-02
  -1.3902345e-02
  -5.3779775e-03
   3.0875356e-03
   1.1228518e-02
   1.8940510e-02
   2.6056909e-02
   3.2152304e-02
   3.6478746e-02
   3.8104504e-02
   3.6245699e-02
   3.0673344e-02
   2.1996544e-02
   1.1639297e-02
   1.4658579e-03
  -6.8033373e-03
  -1.2127923e-02
  -1.4408173e-02
  -1.4385710e-02
  -1.3261774e-02
  -1.2206535e-02
  -1.1940640e-02
  -1.2519976e-02
  -1.3385270e-02
  -1.3659399e-02
  -1.2583189e-02
  -9.9060091e-03
  -6.0510679e-03
  -1.9784729e-03
   1.1839393e-03
   2.5685666e-03
   1.8720176e-03
  -5.7323244e-04
  -3.9584358e-03
  -7.2961829e-03
  -9.7216796e-03
  -1.0684640e-02
  -9.9891965e-03
  -7.7182620e-03
  -4.1191916e-03
   4.8387496e-04
   5.7208297e-03
   1.1150708e-02
   1.6212446e-02
   2.0216477e-02
   2.2450194e-02
   2.2413468e-02
   2.0093940e-02
   1.6114135e-02
   1.1610792e-02
   7.8414999e-03
   5.6724036e-03
   5.1833512e-03
   5.5883424e-03
   5.5342686e-03
   3.6723893e-03
  -7.3411710e-04
  -7.4324575e-03
  -1.5200258e-02
  -2.2252704e-02
  -2.6863494e-02
  -2.7955075e-02
  -2.5448089e-02
  -2.0265289e-02
  -1.4008605e-02
  -8.4258251e-03
  -4.8374332e-03
  -3.7037675e-03
  -4.4772323e-03
  -5.8020716e-03
  -6.0084968e-03
  -3.7370994e-03
   1.5273265e-03
   9.2075524e-03
   1.7769290e-02
   2.5207391e-02
   2.9722697e-02
   3.0343205e-02
   2.7243521e-02
   2.1626138e-02
   1.5209870e-02
   9.5412956e-03
   5.4223460e-03
   2.6924408e-03
   4.4218125e-04
  -2.4541680e-03
  -6.7328176e-03
  -1.2330183e-02
  -1.8343210e-02
  -2.3363119e-02
  -2.6020588e-02
  -2.5507456e-02
  -2.1877780e-02
  -1.6033461e-02
  -9.4143131e-03
  -3.5118307e-03
   6.1260821e-04
   2.6294915e-03
   2.9650920e-03
   2.5627890e-03
   2.4898619e-03
   3.5386203e-03
   5.9592851e-03
   9.4104978e-03
   1.3132264e-02
   1.6253973e-02
   1.8089083e-02
   1.8285719e-02
   1.6799416e-02
   1.3764114e-02
   9.3803471e-03
   3.8945928e-03
  -2.3393506e-03
  -8.7824591e-03
  -1.4685714e-02
  -1.9157543e-02
  -2.1324145e-02
  -2.0548922e-02
  -1.6648426e-02
  -1.0027046e-02
  -1.6670191e-03
   7.0408710e-03
   1.4578155e-02
   1.9602231e-02
   2.1186819e-02
   1.8955770e-02
   1.3117490e-02
   4.4323633e-03
  -5.8653623e-03
  -1.6197052e-02
  -2.4841065e-02
  -3.0211117e-02
  -3.1173407e-02
  -2.7318063e-02
  -1.9087569e-02
  -7.7044847e-03
   5.0844195e-03
   1.7362317e-02
   2.7381565e-02
   3.3798935e-02
   3.5785317e-02
   3.3062776e-02
   2.5944069e-02
   1.5391393e-02
   3.0197987e-03
  -9.0674350e-03
  -1.8663014e-02
  -2.3985286e-02
  -2.4174742e-02
  -1.9563701e-02
  -1.1603784e-02
  -2.4616353e-03
   5.5878255e-03
   1.0772730e-02
   1.2248287e-02
   1.0216305e-02
   5.7315752e-03
   2.8772829e-04
  -4.6619074e-03
  -8.0877903e-03
  -9.5668070e-03
  -9.2501230e-03
  -7.6829080e-03
  -5.5751344e-03
  -3.6034532e-03
  -2.2778595e-03
  -1.8641666e-03
  -2.3366967e-03
  -3.3530522e-03
  -4.2801304e-03
  -4.3225115e-03
  -2.7777937e-03
   6.3431389e-04
   5.5110169e-03
   1.0745015e-02
   1.4832334e-02
   1.6430619e-02
   1.4936303e-02
   1.0813785e-02
   5.5109290e-03
   9.6759123e-04
  -1.1152121e-03
   2.1690548e-05
   3.8007621e-03
   8.4097211e-03
   1.1404707e-02
   1.0610446e-02
   4.9793969e-03
  -4.9203783e-03
  -1.6975560e-02
  -2.8132670e-02
  -3.5325784e-02
  -3.6414773e-02
  -3.0832533e-02
  -1.9742579e-02
  -5.6662672e-03
   8.2916161e-03
   1.9357270e-02
   2.5831379e-02
   2.7414613e-02
   2.5032499e-02
   2.0277220e-02
   1.4727872e-02
   9.4323299e-03
   4.7332194e-03
   4.5554055e-04
  -3.6839340e-03
  -7.6779060e-03
  -1.1061559e-02
  -1.3076328e-02
  -1.3080521e-02
  -1.0977118e-02
  -7.4078779e-03
  -3.5810635e-03
  -7.9246368e-04
   1.3489899e-04
  -7.8528479e-04
  -2.7196018e-03
  -4.4057457e-03
  -4.7244578e-03
  -3.1793979e-03
  -7.2173427e-05
   3.6810914e-03
   6.9762415e-03
   8.9784169e-03
   9.4093094e-03
   8.5651524e-03
   7.1000315e-03
   5.7045567e-03
   4.8274751e-03
   4.5411579e-03
   4.5813137e-03
   4.5252424e-03
   4.0239289e-03
   2.9817991e-03
   1.5964122e-03
   2.3333185e-04
  -8.0116802e-04
  -1.4619564e-03
  -2.0160542e-03
  -2.8952768e-03
  -4.4190671e-03
  -6.5424950e-03
  -8.7834505e-03
  -1.0392532e-02
  -1.0703145e-02
  -9.5016036e-03
  -7.2271688e-03
  -4.8672765e-03
  -3.5470213e-03
  -3.9750334e-03
  -6.0141480e-03
  -8.6194652e-03
  -1.0221009e-02
  -9.4007655e-03
  -5.5488924e-03
   8.1944026e-04
   8.2377405e-03
   1.4858974e-02
   1.9146867e-02
   2.0381773e-02
   1.8793821e-02
   1.5322447e-02
   1.1159093e-02
   7.2918551e-03
   4.2254954e-03
   1.9426498e-03
   6.8028839e-05
  -1.8632726e-03
  -4.1458713e-03
  -6.7417797e-03
  -9.2568445e-03
  -1.1048640e-02
  -1.1432848e-02
  -9.9425483e-03
  -6.5682874e-03
  -1.8775003e-03
   3.0710173e-03
   7.0189620e-03
   8.9062178e-03
   8.2222475e-03
   5.1859410e-03
   7.0602263e-04
  -3.8503133e-03
  -7.0117031e-03
  -7.5997983e-03
  -5.0858166e-03
   1.8216447e-04
   6.9624451e-03
   1.3355513e-02
   1.7265610e-02
   1.6988490e-02
   1.1772998e-02
   2.1818623e-03
  -9.9023026e-03
  -2.1697077e-02
  -3.0293357e-02
  -3.3548359e-02
  -3.0773172e-02
  -2.2936800e-02
  -1.2295403e-02
  -1.5958592e-03
   6.8244552e-03
   1.1698835e-02
   1.3042399e-02
   1.1907280e-02
   9.8459731e-03
   8.3151003e-03
   8.2203788e-03
   9.7168145e-03
   1.2281346e-02
   1.4994469e-02
   1.6913734e-02
   1.7403819e-02
   1.6312618e-02
   1.3946068e-02
   1.0873637e-02
   7.6595061e-03
   4.6357240e-03
   1.8058715e-03
  -1.0934674e-03
  -4.4131495e-03
  -8.3790004e-03
  -1.2938437e-02
  -1.7725624e-02
  -2.2148025e-02
  -2.5542319e-02
  -2.7322069e-02
  -2.7059460e-02
  -2.4498417e-02
  -1.9551148e-02
  -1.2343888e-02
  -3.3305840e-03
   6.5908184e-03
   1.6083692e-02
   2.3597107e-02
   2.7788974e-02
   2.7986784e-02
   2.4460222e-02
   1.8346824e-02
   1.1237910e-02
   4.6022446e-03
  -6.9634334e-04
  -4.5836342e-03
  -7.6057045e-03
  -1.0506878e-02
  -1.3748429e-02
  -1.7165585e-02
  -1.9899812e-02
  -2.0649626e-02
  -1.8173852e-02
  -1.1875197e-02
  -2.2294874e-03
   9.1461245e-03
   1.9862715e-02
   2.7460050e-02
   3.0180074e-02
   2.7512918e-02
   2.0306210e-02
   1.0413702e-02
   5.1407120e-05
  -8.8635360e-03
  -1.5143413e-02
  -1.8417467e-02
  -1.8923459e-02
  -1.7158542e-02
  -1.3574930e-02
  -8.4613603e-03
  -2.0476839e-03
   5.2539001e-03
   1.2641491e-02
   1.8917304e-02
   2.2752271e-02
   2.3139425e-02
   1.9828454e-02
   1.3514152e-02
   5.6579531e-03
  -2.0054709e-03
  -8.0794640e-03
  -1.1982889e-02
  -1.4090286e-02
  -1.5463653e-02
  -1.7280160e-02
  -2.0203845e-02
  -2.3983824e-02
  -2.7462124e-02
  -2.8991188e-02
  -2.7085799e-02
  -2.1043427e-02
  -1.1289100e-02
   6.8215537e-04
   1.2732121e-02
   2.2705796e-02
   2.9025717e-02
   3.1050955e-02
   2.9102509e-02
   2.4197339e-02
   1.7646053e-02
   1.0698570e-02
   4.3556676e-03
  -6.5269658e-04
  -3.8119283e-03
  -4.7929724e-03
  -3.4995423e-03
  -1.7572689e-04
   4.4937344e-03
   9.3781703e-03
   1.3057346e-02
   1.4143351e-02
   1.1689878e-02
   5.5506565e-03
  -3.4552064e-03
  -1.3656306e-02
  -2.2911045e-02
  -2.9152631e-02
  -3.0929689e-02
  -2.7776935e-02
  -2.0313406e-02
  -1.0057993e-02
   9.6607408e-04
   1.0718413e-02
   1.7593323e-02
   2.0735686e-02
   2.0164508e-02
   1.6688102e-02
   1.1625240e-02
   6.3866817e-03
   2.0340913e-03
  -1.0192244e-03
  -3.0312710e-03
  -4.6611396e-03
  -6.5312703e-03
  -8.8334066e-03
  -1.1171422e-02
  -1.2719057e-02
  -1.2613968e-02
  -1.0393212e-02
  -6.2606590e-03
  -1.0657969e-03
   3.9865549e-03
   7.7570373e-03
   9.5403165e-03
   9.2401444e-03
   7.3044187e-03
   4.4743088e-03
   1.4703575e-03
  -1.2467229e-03
  -3.5462707e-03
  -5.5162168e-03
  -7.2392961e-03
  -8.5732190e-03
  -9.0478704e-03
  -7.9474915e-03
  -4.5761302e-03
   1.3731486e-03
   9.4881552e-03
   1.8507631e-02
   2.6502969e-02
   3.1369678e-02
   3.1487437e-02
   2.6307037e-02
   1.6620835e-02
   4.3851763e-03
  -7.8580893e-03
  -1.7749368e-02
  -2.3780425e-02
  -2.5623941e-02
  -2.4032526e-02
  -2.0395493e-02
  -1.6163986e-02
  -1.2376021e-02
  -9.4437445e-03
  -7.2404606e-03
  -5.3903083e-03
  -3.5792014e-03
  -1.7213506e-03
   7.4867987e-05
   1.6663347e-03
   3.0202294e-03
   4.2444383e-03
   5.5000309e-03
   6.8672123e-03
   8.2505252e-03
   9.3799027e-03
   9.9174907e-03
   9.6286112e-03
   8.5352112e-03
   6.9654874e-03
   5.4544810e-03
   4.5220484e-03
   4.4219665e-03
   4.9809119e-03
   5.6110986e-03
   5.5049261e-03
   3.9454963e-03
   6.2193575e-04
  -4.1717935e-03
  -9.5488982e-03
  -1.4274990e-02
  -1.7166319e-02
  -1.7480299e-02
  -1.5137826e-02
  -1.0704748e-02
  -5.1770573e-03
   3.1445474e-04
   4.7708379e-03
   7.5088837e-03
   8.2556415e-03
   7.1554506e-03
   4.6818617e-03
   1.4620835e-03
  -1.9305616e-03
  -5.1222629e-03
  -7.9446103e-03
  -1.0294100e-02
  -1.1923359e-02
  -1.2291914e-02
  -1.0592361e-02
  -5.9979958e-03
   1.9228204e-03
   1.2775500e-02
   2.5092596e-02
   3.6447963e-02
   4.3994412e-02
   4.5311639e-02
   3.9281680e-02
   2.6635525e-02
   9.8992099e-03
  -7.3024631e-03
  -2.1352011e-02
  -2.9742028e-02
  -3.1766738e-02
  -2.8573826e-02
  -2.2603579e-02
  -1.6660625e-02
  -1.2969579e-02
  -1.2534083e-02
  -1.4973140e-02
  -1.8820157e-02
  -2.2122112e-02
  -2.3114470e-02
  -2.0766149e-02
  -1.5056531e-02
  -6.9345208e-03
   2.0028517e-03
   1.0006075e-02
   1.5700918e-02
   1.8503166e-02
   1.8796159e-02
   1.7792071e-02
   1.7080638e-02
   1.7986324e-02
   2.0960785e-02
   2.5265433e-02
   2.9115282e-02
   3.0281843e-02
   2.6954569e-02
   1.8525465e-02
   5.9663293e-03
  -8.3734659e-03
  -2.1477715e-02
  -3.0600787e-02
  -3.4073025e-02
  -3.1704349e-02
  -2.4708822e-02
  -1.5254473e-02
  -5.8308318e-03
   1.3813450e-03
   5.0084997e-03
   4.7740744e-03
   1.5352533e-03
  -2.9509111e-03
  -6.5042421e-03
  -7.1484350e-03
  -3.7347338e-03
   3.6204484e-03
   1.3441476e-02
   2.3211742e-02
   3.0042112e-02
   3.1504261e-02
   2.6377879e-02
   1.5079223e-02
  -3.6511691e-04
  -1.6798862e-02
  -3.0742622e-02
  -3.9308284e-02
  -4.0963587e-02
  -3.5915233e-02
  -2.5983890e-02
  -1.4006957e-02
  -2.9624971e-03
   4.9052134e-03
   8.6900233e-03
   8.9843291e-03
   7.5577037e-03
   6.6559994e-03
   8.1419520e-03
   1.2764021e-02
   1.9814491e-02
   2.7310301e-02
   3.2644038e-02
   3.3484009e-02
   2.8614648e-02
   1.8428866e-02
   4.9041063e-03
  -8.9286379e-03
  -1.9846857e-02
  -2.5360423e-02
  -2.4428830e-02
  -1.7775129e-02
  -7.7101301e-03
   2.4932189e-03
   9.5150551e-03
   1.0947273e-02
   6.0213720e-03
  -4.1241824e-03
  -1.6743621e-02
  -2.8277543e-02
  -3.5395825e-02
  -3.5957429e-02
  -2.9588585e-02
  -1.7715882e-02
  -3.0716710e-03
   1.1147242e-02
   2.2190220e-02
   2.8450663e-02
   2.9753322e-02
   2.7175556e-02
   2.2496481e-02
   1.7480407e-02
   1.3251255e-02
   9.9857205e-03
   7.0384106e-03
   3.4405323e-03
  -1.4477636e-03
  -7.4285778e-03
  -1.3347387e-02
  -1.7443065e-02
  -1.8034180e-02
  -1.4255123e-02
  -6.5315794e-03
   3.4050168e-03
   1.2974925e-02
   1.9506980e-02
   2.1025484e-02
   1.6817989e-02
   7.6362055e-03
  -4.5002511e-03
  -1.6830556e-02
  -2.6565305e-02
  -3.1583505e-02
  -3.0908236e-02
  -2.4834102e-02
  -1.4715814e-02
  -2.5450471e-03
   9.5197188e-03
   1.9547267e-02
   2.6098995e-02
   2.8365938e-02
   2.6202270e-02
   2.0086366e-02
   1.1034049e-02
   4.7066623e-04
  -9.9479262e-03
  -1.8571529e-02
  -2.4028955e-02
  -2.5487912e-02
  -2.2833913e-02
  -1.6708306e-02
  -8.3786448e-03
   5.3846578e-04
   8.4382968e-03
   1.4079875e-02
   1.6830150e-02
   1.6731004e-02
   1.4383897e-02
   1.0715534e-02
   6.7181637e-03
   3.2378718e-03
   8.4350597e-04
  -2.1893765e-04
   6.3254809e-06
   1.2745130e-03
   3.2446465e-03
   5.5476795e-03
   7.7932415e-03
   9.5431812e-03
   1.0318167e-02
   9.6858404e-03
   7.4124570e-03
   3.5964610e-03
  -1.3079188e-03
  -6.6170544e-03
  -1.1651330e-02
  -1.5964601e-02
  -1.9443636e-02
  -2.2207361e-02
  -2.4346846e-02
  -2.5655372e-02
  -2.5529815e-02
  -2.3146429e-02
  -1.7864479e-02
  -9.6747324e-03
   5.3848878e-04
   1.1085635e-02
   1.9920882e-02
   2.5292877e-02
   2.6334357e-02
   2.3341029e-02
   1.7620693e-02
   1.0984530e-02
   5.1098626e-03
   1.0445928e-03
  -9.6884727e-04
  -1.3372227e-03
  -7.6178552e-04
   1.2021964e-04
   9.4465875e-04
   1.6324388e-03
   2.2581839e-03
   2.8786327e-03
   3.4171155e-03
   3.6606193e-03
   3.3690390e-03
   2.4358678e-03
   1.0051057e-03
  -5.3194079e-04
  -1.6730588e-03
  -2.0206061e-03
  -1.4850027e-03
  -3.8811485e-04
   5.8737996e-04
   6.0791770e-04
  -9.8669634e-04
  -4.3400948e-03
  -8.8558919e-03
  -1.3233545e-02
  -1.5823659e-02
  -1.5218095e-02
  -1.0855295e-02
  -3.3772041e-03
   5.4433662e-03
   1.3208092e-02
   1.7649225e-02
   1.7355558e-02
   1.2211807e-02
   3.4147547e-03
  -6.9119698e-03
  -1.6345104e-02
  -2.2805575e-02
  -2.5023062e-02
  -2.2728113e-02
  -1.6591653e-02
  -7.9927921e-03
   1.3089259e-03
   9.5493278e-03
   1.5338158e-02
   1.7967482e-02
   1.7561574e-02
   1.5008550e-02
   1.1675161e-02
   8.9718459e-03
   7.8906297e-03
   8.6695551e-03
   1.0716628e-02
   1.2840158e-02
   1.3710454e-02
   1.2379419e-02
   8.6576673e-03
   3.2038802e-03
  -2.7069720e-03
  -7.6472013e-03
  -1.0555884e-02
  -1.1117413e-02
  -9.8512481e-03
  -7.8705983e-03
  -6.4021376e-03
  -6.2726545e-03
  -7.5980924e-03
  -9.8184656e-03
  -1.2042308e-02
  -1.3500312e-02
  -1.3865849e-02
  -1.3301790e-02
  -1.2257084e-02
  -1.1154062e-02
  -1.0128464e-02
  -8.9288748e-03
  -6.9983963e-03
  -3.6911033e-03
   1.4576540e-03
   8.4858930e-03
   1.6845080e-02
   2.5370112e-02
   3.2413690e-02
   3.6161893e-02
   3.5102681e-02
   2.8546335e-02
   1.7028975e-02
   2.4134666e-03
  -1.2431165e-02
  -2.4344093e-02
  -3.0779757e-02
  -3.0591790e-02
  -2.4391310e-02
  -1.4328504e-02
  -3.3728456e-03
   5.6373662e-03
   1.0829787e-02
   1.1738238e-02
   9.2382872e-03
   5.0628259e-03
   1.1249480e-03
  -1.0898800e-03
  -8.7987238e-04
   1.6139107e-03
   5.5764984e-03
   9.8036131e-03
   1.3008675e-02
   1.4103471e-02
   1.2435048e-02
   7.9589322e-03
   1.3034778e-03
  -6.3295562e-03
  -1.3445626e-02
  -1.8660571e-02
  -2.1097287e-02
  -2.0626748e-02
  -1.7852840e-02
  -1.3842907e-02
  -9.7193649e-03
  -6.2943208e-03
  -3.9019997e-03
  -2.4669299e-03
  -1.7106756e-03
  -1.3382993e-03
  -1.0943714e-03
  -6.9548148e-04
   2.5034436e-04
   2.2082972e-03
   5.5195839e-03
   1.0124847e-02
   1.5372916e-02
   2.0060579e-02
   2.2742028e-02
   2.2211636e-02
   1.7973067e-02
   1.0507976e-02
   1.2397062e-03
  -7.8015645e-03
  -1.4515933e-02
  -1.7325050e-02
  -1.5648861e-02
  -1.0108765e-02
  -2.3566894e-03
   5.4504731e-03
   1.1362561e-02
   1.4262310e-02
   1.4147631e-02
   1.1954788e-02
   9.0183021e-03
   6.4340225e-03
   4.6277791e-03
   3.3102178e-03
   1.7864117e-03
  -5.8966668e-04
  -4.0682481e-03
  -8.4132745e-03
  -1.3053690e-02
  -1.7346939e-02
  -2.0807609e-02
  -2.3209534e-02
  -2.4544037e-02
  -2.4874900e-02
  -2.4167881e-02
  -2.2191920e-02
  -1.8573099e-02
  -1.3010168e-02
  -5.5554715e-03
   3.2003653e-03
   1.2169630e-02
   2.0048140e-02
   2.5721902e-02
   2.8621949e-02
   2.8872970e-02
   2.7169535e-02
   2.4428199e-02
   2.1366700e-02
   1.8207092e-02
   1.4650344e-02
   1.0141251e-02
   4.3032211e-03
  -2.6594026e-03
  -9.7900147e-03
  -1.5551503e-02
  -1.8309729e-02
  -1.6952732e-02
  -1.1395127e-02
  -2.7546661e-03
   6.8787668e-03
   1.4997221e-02
   1.9352510e-02
   1.8541710e-02
   1.2350607e-02
   1.7998041e-03
  -1.1084279e-02
  -2.3706666e-02
  -3.3466223e-02
  -3.8349051e-02
  -3.7429345e-02
  -3.1123634e-02
  -2.1071908e-02
  -9.6402997e-03
   7.9411979e-04
   8.5114182e-03
   1.2832876e-02
   1.4122119e-02
   1.3465167e-02
   1.2193917e-02
   1.1429907e-02
   1.1769989e-02
   1.3167046e-02
   1.5011812e-02
   1.6382486e-02
   1.6376571e-02
   1.4401523e-02
   1.0327063e-02
   4.4899002e-03
  -2.3798384e-03
  -9.2411485e-03
  -1.4836666e-02
  -1.7867724e-02
  -1.7299874e-02
  -1.2744781e-02
  -4.7545195e-03
   5.1554049e-03
   1.4832033e-02
   2.2065288e-02
   2.5198963e-02
   2.3539033e-02
   1.7433610e-02
   8.0572193e-03
  -2.9501143e-03
  -1.3824267e-02
  -2.2916469e-02
  -2.8858378e-02
  -3.0735510e-02
  -2.8308258e-02
  -2.2208237e-02
  -1.3952627e-02
  -5.6487650e-03
   5.9188061e-04
   3.3393769e-03
   2.3561318e-03
  -1.2870291e-03
  -5.5522608e-03
  -8.1174477e-03
  -7.1600007e-03
  -1.9743815e-03
   6.7750750e-03
   1.7236231e-02
   2.6917201e-02
   3.3420288e-02
   3.5126289e-02
   3.1615882e-02
   2.3714828e-02
   1.3186939e-02
   2.2090721e-03
  -7.1970640e-03
  -1.3625185e-02
  -1.6537365e-02
  -1.6264168e-02
  -1.3765255e-02
  -1.0232596e-02
  -6.6772180e-03
  -3.6529167e-03
  -1.2180240e-03
   8.6507113e-04
   2.8019555e-03
   4.4844295e-03
   5.4119886e-03
   4.8735858e-03
   2.3137591e-03
  -2.2904239e-03
  -8.2316398e-03
  -1.4172720e-02
  -1.8534077e-02
  -2.0023485e-02
  -1.8091625e-02
  -1.3127307e-02
  -6.3242789e-03
   7.0935540e-04
   6.4394722e-03
   9.8242930e-03
   1.0549513e-02
   9.0427019e-03
   6.2903640e-03
   3.5167598e-03
   1.8070566e-03
   1.7775611e-03
   3.3987835e-03
   6.0383703e-03
   8.7073125e-03
   1.0406103e-02
   1.0437702e-02
   8.5944772e-03
   5.1897567e-03
   9.4690357e-04
  -3.2166615e-03
  -6.4453620e-03
  -8.1550882e-03
  -8.1297327e-03
  -6.5018867e-03
  -3.6741202e-03
  -2.3852452e-04
   3.0986531e-03
   5.6258420e-03
   6.7974952e-03
   6.4338158e-03
   4.8477942e-03
   2.7893518e-03
   1.1694786e-03
   6.4866653e-04
   1.2746938e-03
   2.3707245e-03
   2.7785099e-03
   1.3874039e-03
  -2.2800602e-03
  -7.7075165e-03
  -1.3445119e-02
  -1.7606030e-02
  -1.8614900e-02
  -1.5890608e-02
  -1.0148830e-02
  -3.1685507e-03
   2.8889001e-03
   6.3174467e-03
   6.5097965e-03
   4.1512321e-03
   8.9794263e-04
  -1.3229874e-03
  -1.1111999e-03
   1.8271152e-03
   6.5458289e-03
   1.1227446e-02
   1.3915958e-02
   1.3330099e-02
   9.4293545e-03
   3.4954631e-03
  -2.3098250e-03
  -5.7369061e-03
  -5.2887182e-03
  -8.0664118e-04
   6.3974612e-03
   1.3904709e-02
   1.8929367e-02
   1.9199224e-02
   1.3699248e-02
   3.0501765e-03
  -1.0590048e-02
  -2.4075840e-02
  -3.4127362e-02
  -3.8252966e-02
  -3.5466329e-02
  -2.6561408e-02
  -1.3838648e-02
  -3.6684437e-04
   1.0959523e-02
   1.8229977e-02
   2.0917187e-02
   1.9759280e-02
   1.6225922e-02
   1.1827369e-02
   7.5733008e-03
   3.7987565e-03
   3.7896130e-04
  -2.8490490e-03
  -5.7349540e-03
  -7.7437564e-03
  -8.1953531e-03
  -6.6641959e-03
  -3.3004257e-03
   1.1228018e-03
   5.4856632e-03
   8.7971380e-03
   1.0629222e-02
   1.1277932e-02
   1.1552936e-02
   1.2284701e-02
   1.3782904e-02
   1.5518437e-02
   1.6215248e-02
   1.4354577e-02
   8.8913023e-03
  -1.3803084e-04
  -1.1408118e-02
  -2.2622991e-02
  -3.1248874e-02
  -3.5361971e-02
  -3.4264987e-02
  -2.8645351e-02
  -2.0259009e-02
  -1.1309041e-02
  -3.7687663e-03
   1.1306380e-03
   3.1252533e-03
   2.8465790e-03
   1.5283925e-03
   6.0229727e-04
   1.2825581e-03
   4.2179974e-03
   9.2773031e-03
   1.5530554e-02
   2.1467353e-02
   2.5429538e-02
   2.6146171e-02
   2.3186893e-02
   1.7148035e-02
   9.4749871e-03
   1.9749344e-03
  -3.7886938e-03
  -6.9813330e-03
  -7.6867137e-03
  -6.7556528e-03
  -5.4008874e-03
  -4.7087643e-03
  -5.2527719e-03
  -6.9397823e-03
  -9.1205059e-03
  -1.0892379e-02
  -1.1461158e-02
  -1.0428588e-02
  -7.9211038e-03
  -4.5343072e-03
  -1.1211407e-03
   1.5022689e-03
   2.8298104e-03
   2.8230197e-03
   1.9066934e-03
   8.1437601e-04
   3.3537567e-04
   1.0341540e-03
   3.0235667e-03
   5.8735311e-03
   8.7080374e-03
   1.0479855e-02
   1.0337204e-02
   7.9466434e-03
   3.6404677e-03
  -1.6749908e-03
  -6.8080480e-03
  -1.0642614e-02
  -1.2434249e-02
  -1.1955804e-02
  -9.4803046e-03
  -5.6440653e-03
  -1.2551012e-03
   2.8900662e-03
   6.1325401e-03
   8.0006897e-03
   8.2086675e-03
   6.6631599e-03
   3.5238787e-03
  -6.9976189e-04
  -5.1000708e-03
  -8.4720782e-03
  -9.6104252e-03
  -7.7391155e-03
  -2.9038362e-03
   3.8764489e-03
   1.0822237e-02
   1.5934175e-02
   1.7670342e-02
   1.5499266e-02
   1.0112329e-02
   3.2088820e-03
  -3.0753561e-03
  -6.8984606e-03
  -7.3472251e-03
  -4.7559328e-03
  -5.9630027e-04
   3.0288631e-03
   4.1242825e-03
   1.5320700e-03
  -4.5946413e-03
  -1.2754101e-02
  -2.0536969e-02
  -2.5415584e-02
  -2.5610871e-02
  -2.0723936e-02
  -1.1896557e-02
  -1.4338053e-03
   7.9786758e-03
   1.4175042e-02
   1.6191642e-02
   1.4482972e-02
   1.0616290e-02
   6.6003356e-03
   4.1276980e-03
   4.0051728e-03
   5.9447878e-03
   8.7502881e-03
   1.0807542e-02
   1.0702925e-02
   7.7653705e-03
   2.3537948e-03
  -4.2147233e-03
  -1.0086851e-02
  -1.3506705e-02
  -1.3429231e-02
  -9.8751542e-03
  -3.8897344e-03
   2.8627426e-03
   8.6830694e-03
   1.2360121e-02
   1.3456509e-02
   1.2305012e-02
   9.7739259e-03
   6.9140252e-03
   4.6017349e-03
   3.2689921e-03
   2.7820504e-03
   2.5015552e-03
   1.5170242e-03
  -1.0009480e-03
  -5.4364774e-03
  -1.1482379e-02
  -1.8117283e-02
  -2.3834041e-02
  -2.7054281e-02
  -2.6600975e-02
  -2.2088375e-02
  -1.4115496e-02
  -4.1985058e-03
   5.5611380e-03
   1.3010578e-02
   1.6555453e-02
   1.5666757e-02
   1.1092776e-02
   4.6497152e-03
  -1.3861049e-03
  -5.0809739e-03
  -5.5212070e-03
  -3.0751399e-03
   8.6947462e-04
   4.5634963e-03
   6.6520034e-03
   6.7049089e-03
   5.3136325e-03
   3.7390635e-03
   3.2887205e-03
   4.7087668e-03
   7.8508495e-03
   1.1732088e-02
   1.4927694e-02
   1.6112045e-02
   1.4540631e-02
   1.0320832e-02
   4.4043336e-03
  -1.6853103e-03
  -6.3110344e-03
  -8.2401094e-03
  -7.0688177e-03
  -3.4072967e-03
   1.2653827e-03
   5.0564253e-03
   6.2809763e-03
   4.0296375e-03
  -1.5246143e-03
  -9.1875399e-03
  -1.7143157e-02
  -2.3542000e-02
  -2.7064872e-02
  -2.7261080e-02
  -2.4548337e-02
  -1.9902358e-02
  -1.4401708e-02
  -8.8514563e-03
  -3.6440344e-03
   1.1321765e-03
   5.4590761e-03
   9.1959037e-03
   1.2040527e-02
   1.3657081e-02
   1.3894007e-02
   1.2977950e-02
   1.1576330e-02
   1.0659012e-02
   1.1158843e-02
   1.3532302e-02
   1.7414321e-02
   2.1569611e-02
   2.4228298e-02
   2.3710773e-02
   1.9100834e-02
   1.0689268e-02
  -9.7992481e-06
