  -1.2325492e-06
   1.2393398e-02
   2.3303518e-02
   3.1434989e-02
   3.5876613e-02
   3.6279743e-02
   3.2956338e-02
   2.6821561e-02
   1.9167640e-02
   1.1339755e-02
   4.4354222e-03
  -8.6930337e-04
  -4.3365534e-03
  -6.0721692e-03
  -6.4012421e-03
  -5.7789558e-03
  -4.7521058e-03
  -3.9338099e-03
  -3.9323250e-03
  -5.2066254e-03
  -7.8917956e-03
  -1.1690292e-02
  -1.5908155e-02
  -1.9634269e-02
  -2.1979360e-02
  -2.2273104e-02
  -2.0167863e-02
  -1.5663833e-02
  -9.1003217e-03
  -1.1417099e-03
   7.2516126e-03
   1.4906457e-02
   2.0609334e-02
   2.3359695e-02
   2.2637406e-02
   1.8589541e-02
   1.2063518e-02
   4.4648995e-03
  -2.5329064e-03
  -7.3653933e-03
  -8.9578177e-03
  -7.0202904e-03
  -2.1736861e-03
   4.1537235e-03
   1.0071174e-02
   1.3749154e-02
   1.3978264e-02
   1.0574851e-02
   4.4709774e-03
  -2.5751849e-03
  -8.5702297e-03
  -1.1968731e-02
  -1.2188981e-02
  -9.7677511e-03
  -6.1122649e-03
  -2.9642697e-03
  -1.7838384e-03
  -3.2663109e-03
  -7.1388476e-03
  -1.2274667e-02
  -1.7051930e-02
  -1.9813334e-02
  -1.9282513e-02
  -1.4854034e-02
  -6.7409936e-03
   4.0120027e-03
   1.5658932e-02
   2.6045994e-02
   3.3064293e-02
   3.5196614e-02
   3.2020807e-02
   2.4483198e-02
   1.4771421e-02
   5.7245835e-03
  -9.6056333e-05
  -1.3640801e-03
   1.4230841e-03
   6.0209424e-03
   9.2185447e-03
   8.0566268e-03
   1.0160364e-03
  -1.1291999e-02
  -2.6206128e-02
  -3.9837670e-02
  -4.8332723e-02
  -4.9122838e-02
  -4.1734367e-02
  -2.7895753e-02
  -1.0935449e-02
   5.2900704e-03
   1.7547955e-02
   2.4067375e-02
   2.4811057e-02
   2.1152060e-02
   1.5153555e-02
   8.7813070e-03
   3.3584823e-03
  -5.8037053e-04
  -3.0763799e-03
  -4.3579925e-03
  -4.5004425e-03
  -3.2992218e-03
  -4.0460997e-04
   4.3700106e-03
   1.0741354e-02
   1.7818788e-02
   2.4212386e-02
   2.8353169e-02
   2.8921859e-02
   2.5257405e-02
   1.7619549e-02
   7.2093860e-03
  -4.0828875e-03
  -1.4144585e-02
  -2.1186626e-02
  -2.4203406e-02
  -2.3202624e-02
  -1.9128007e-02
  -1.3499391e-02
  -7.9028992e-03
  -3.5248135e-03
  -8.9525358e-04
   9.3936950e-05
  -4.8452255e-05
  -7.3632705e-04
  -1.5687300e-03
  -2.4336270e-03
  -3.4363952e-03
  -4.7157408e-03
  -6.2577382e-03
  -7.8120985e-03
  -8.9508915e-03
  -9.2246524e-03
  -8.3240717e-03
  -6.1783661e-03
  -2.9820527e-03
   8.2287463e-04
   4.5990596e-03
   7.6208311e-03
   9.2481443e-03
   9.1297197e-03
   7.3583948e-03
   4.5104492e-03
   1.5429788e-03
  -4.3494218e-04
  -4.7216687e-04
   1.9047245e-03
   6.4575095e-03
   1.2189756e-02
   1.7552036e-02
   2.0878762e-02
   2.0932808e-02
   1.7361714e-02
   1.0872618e-02
   3.0261316e-03
  -4.2972561e-03
  -9.5548526e-03
  -1.2047782e-02
  -1.2053894e-02
  -1.0537396e-02
  -8.5934817e-03
  -6.9185645e-03
  -5.5755322e-03
  -4.1570769e-03
  -2.2284013e-03
   2.2519552e-04
   2.6198401e-03
   3.9754699e-03
   3.3829770e-03
   4.7089526e-04
  -4.3740614e-03
  -1.0121915e-02
  -1.5462753e-02
  -1.9236063e-02
  -2.0752471e-02
  -1.9909537e-02
  -1.7094121e-02
  -1.2936275e-02
  -8.0214689e-03
  -2.6792705e-03
   3.0566950e-03
   9.2887362e-03
   1.5962337e-02
   2.2588403e-02
   2.8143424e-02
   3.1246402e-02
   3.0596234e-02
   2.5531897e-02
   1.6493655e-02
   5.1570915e-03
  -5.8926414e-03
  -1.3901171e-02
  -1.6865096e-02
  -1.4284443e-02
  -7.4264427e-03
   1.0477080e-03
   7.9846961e-03
   1.0835755e-02
   8.5323500e-03
   1.8219696e-03
  -7.0378165e-03
  -1.5092099e-02
  -1.9701384e-02
  -1.9391986e-02
  -1.4260286e-02
  -5.8322648e-03
   3.5087587e-03
   1.1275303e-02
   1.5548308e-02
   1.5396861e-02
   1.0990247e-02
   3.4420145e-03
  -5.5174583e-03
  -1.3930092e-02
  -1.9982124e-02
  -2.2329666e-02
  -2.0369362e-02
  -1.4417727e-02
  -5.7218741e-03
   3.7705223e-03
   1.1880275e-02
   1.6792545e-02
   1.7583641e-02
   1.4481305e-02
   8.7532685e-03
   2.2632877e-03
  -3.1360575e-03
  -6.1438606e-03
  -6.2915274e-03
  -3.8956599e-03
   2.2899841e-04
   5.1115025e-03
   9.8574165e-03
   1.3723794e-02
   1.6105445e-02
   1.6538579e-02
   1.4777743e-02
   1.0918566e-02
   5.4797596e-03
  -6.4441254e-04
  -6.3905299e-03
  -1.0828814e-02
  -1.3433994e-02
  -1.4201471e-02
  -1.3558258e-02
  -1.2113576e-02
  -1.0369052e-02
  -8.5326964e-03
  -6.5328067e-03
  -4.2182210e-03
  -1.6211539e-03
   8.7783853e-04
   2.5844866e-03
   2.7183555e-03
   7.3741796e-04
  -3.3693676e-03
  -8.9341676e-03
  -1.4673856e-02
  -1.8968186e-02
  -2.0287452e-02
  -1.7652478e-02
  -1.0988850e-02
  -1.2506247e-03
   9.7605822e-03
   1.9864203e-02
   2.7127804e-02
   3.0441638e-02
   2.9829270e-02
   2.6371160e-02
   2.1758829e-02
   1.7640715e-02
   1.5014650e-02
   1.3915658e-02
   1.3524144e-02
   1.2625962e-02
   1.0192422e-02
   5.8096647e-03
  -2.0628818e-04
  -6.9944359e-03
  -1.3485973e-02
  -1.8726410e-02
  -2.2087321e-02
  -2.3359555e-02
  -2.2762406e-02
  -2.0892957e-02
  -1.8606265e-02
  -1.6802985e-02
  -1.6137915e-02
  -1.6741042e-02
  -1.8099611e-02
  -1.9211816e-02
  -1.8981739e-02
  -1.6671041e-02
  -1.2176496e-02
  -6.0064969e-03
   9.9085923e-04
   7.9681284e-03
   1.4306693e-02
   1.9652679e-02
   2.3801871e-02
   2.6549243e-02
   2.7618631e-02
   2.6726069e-02
   2.3748814e-02
   1.8912945e-02
   1.2892581e-02
   6.7369949e-03
   1.6123357e-03
  -1.5570431e-03
  -2.3931750e-03
  -1.1737149e-03
   1.3008185e-03
   4.0106574e-03
   6.0504963e-03
   6.8648986e-03
   6.3263438e-03
   4.6683157e-03
   2.3267517e-03
  -2.4374777e-04
  -2.7187552e-03
  -4.9826899e-03
  -7.1359258e-03
  -9.4480565e-03
  -1.2269221e-02
  -1.5899671e-02
  -2.0424597e-02
  -2.5547303e-02
  -3.0482032e-02
  -3.3981843e-02
  -3.4559936e-02
  -3.0899372e-02
  -2.2348714e-02
  -9.3220596e-03
   6.5806438e-03
   2.2827900e-02
   3.6538651e-02
   4.5214400e-02
   4.7380253e-02
   4.2926866e-02
   3.3062846e-02
   1.9929552e-02
   6.0284925e-03
  -6.3604660e-03
  -1.5617857e-02
  -2.0988946e-02
  -2.2543888e-02
  -2.0957998e-02
  -1.7210704e-02
  -1.2293266e-02
  -6.9902973e-03
  -1.7788856e-03
   3.1358183e-03
   7.6736491e-03
   1.1697650e-02
   1.4896153e-02
   1.6797926e-02
   1.6921659e-02
   1.4988168e-02
   1.1084147e-02
   5.6904638e-03
  -4.3420005e-04
  -6.4488729e-03
  -1.1618121e-02
  -1.5433345e-02
  -1.7648881e-02
  -1.8243763e-02
  -1.7341843e-02
  -1.5140200e-02
  -1.1892824e-02
  -7.9539049e-03
  -3.8183851e-03
  -6.8478538e-05
   2.8059817e-03
   4.6328682e-03
   5.6815886e-03
   6.5794781e-03
   8.0336068e-03
   1.0486357e-02
   1.3875081e-02
   1.7607750e-02
   2.0742302e-02
   2.2254259e-02
   2.1270368e-02
   1.7225890e-02
   9.9827885e-03
  -4.8604510e-05
  -1.1805398e-02
  -2.3573254e-02
  -3.3189969e-02
  -3.8486061e-02
  -3.7888299e-02
  -3.1001735e-02
  -1.8929203e-02
  -4.1365459e-03
   1.0165890e-02
   2.0945629e-02
   2.6244404e-02
   2.5708633e-02
   2.0554266e-02
   1.2995734e-02
   5.3869993e-03
  -5.6836501e-04
  -4.2329525e-03
  -5.9589669e-03
  -6.6286341e-03
  -7.0766184e-03
  -7.6727569e-03
  -8.2205375e-03
  -8.1491958e-03
  -6.8513801e-03
  -3.9982024e-03
   2.7738917e-04
   5.3614742e-03
   1.0284422e-02
   1.3948488e-02
   1.5407284e-02
   1.4135046e-02
   1.0211214e-02
   4.3534533e-03
  -2.2260582e-03
  -8.1042006e-03
  -1.1984765e-02
  -1.2997068e-02
  -1.0891393e-02
  -6.1059510e-03
   2.9662055e-04
   6.8185688e-03
   1.1831764e-02
   1.3964169e-02
   1.2488201e-02
   7.5862329e-03
   3.7027603e-04
  -7.3935004e-03
  -1.3788200e-02
  -1.7314050e-02
  -1.7325707e-02
  -1.4184392e-02
  -9.0696119e-03
  -3.5253896e-03
   1.0770045e-03
   3.9513561e-03
   5.0442583e-03
   4.9018357e-03
   4.3518909e-03
   4.1523075e-03
   4.7384061e-03
   6.1340400e-03
   8.0181215e-03
   9.8928086e-03
   1.1283048e-02
   1.1897694e-02
   1.1698224e-02
   1.0854489e-02
   9.6089873e-03
   8.1057671e-03
   6.2564166e-03
   3.7071061e-03
  -6.3915888e-05
  -5.5372395e-03
  -1.2890071e-02
  -2.1759582e-02
  -3.1117196e-02
  -3.9331956e-02
  -4.4462900e-02
  -4.4742163e-02
  -3.9119874e-02
  -2.7688688e-02
  -1.1822919e-02
   6.0470679e-03
   2.2981201e-02
   3.6239991e-02
   4.3944219e-02
   4.5486595e-02
   4.1580616e-02
   3.3949148e-02
   2.4766349e-02
   1.6036651e-02
   9.1040470e-03
   4.4324319e-03
   1.6983373e-03
   1.2219765e-04
  -1.1212136e-03
  -2.5846110e-03
  -4.4240589e-03
  -6.4621202e-03
  -8.3519274e-03
  -9.7478172e-03
  -1.0434460e-02
  -1.0407767e-02
  -9.9015483e-03
  -9.3374920e-03
  -9.1851518e-03
  -9.7605309e-03
  -1.1035623e-02
  -1.2544851e-02
  -1.3450677e-02
  -1.2781328e-02
  -9.7908650e-03
  -4.3294663e-03
   2.9254502e-03
   1.0508327e-02
   1.6518798e-02
   1.9203650e-02
   1.7571022e-02
   1.1806992e-02
   3.3257803e-03
  -5.5881030e-03
  -1.2444985e-02
  -1.5313216e-02
  -1.3431766e-02
  -7.4657493e-03
   6.9023110e-04
   8.5079089e-03
   1.3629255e-02
   1.4609251e-02
   1.1343790e-02
   5.0406059e-03
  -2.2360287e-03
  -8.2542211e-03
  -1.1274928e-02
  -1.0476326e-02
  -6.0658506e-03
   8.7131849e-04
   8.6773584e-03
   1.5479775e-02
   1.9547364e-02
   1.9624046e-02
   1.5216494e-02
   6.7816966e-03
  -4.2589994e-03
  -1.5736813e-02
  -2.5184907e-02
  -3.0437870e-02
  -3.0220428e-02
  -2.4536094e-02
  -1.4711442e-02
  -3.0559011e-03
   7.7789368e-03
   1.5555333e-02
   1.9088806e-02
   1.8561065e-02
   1.5388322e-02
   1.1669870e-02
   9.3918708e-03
   9.6629153e-03
   1.2269203e-02
   1.5739405e-02
   1.7918470e-02
   1.6835262e-02
   1.1517347e-02
   2.4316045e-03
  -8.6054525e-03
  -1.8991715e-02
  -2.6161103e-02
  -2.8384027e-02
  -2.5298908e-02
  -1.8020377e-02
  -8.7943521e-03
  -3.0076217e-04
   5.1838363e-03
   6.4905237e-03
   3.8784447e-03
  -1.1566461e-03
  -6.5149615e-03
  -1.0302574e-02
  -1.1476515e-02
  -1.0072639e-02
  -6.9706089e-03
  -3.3623958e-03
  -2.0521196e-04
   2.0944374e-03
   3.6748314e-03
   4.9773657e-03
   6.4461563e-03
   8.3182215e-03
   1.0558540e-02
   1.2908080e-02
   1.4979620e-02
   1.6354192e-02
   1.6667344e-02
   1.5691153e-02
   1.3402607e-02
   1.0007452e-02
   5.8964926e-03
   1.5496012e-03
  -2.5657508e-03
  -6.0606074e-03
  -8.6493624e-03
  -1.0157278e-02
  -1.0534684e-02
  -9.8758146e-03
  -8.4166584e-03
  -6.4922929e-03
  -4.4655267e-03
  -2.6624412e-03
  -1.3422978e-03
  -6.9728206e-04
  -8.4980433e-04
  -1.8172771e-03
  -3.4522993e-03
  -5.4116510e-03
  -7.2111710e-03
  -8.3673793e-03
  -8.5563939e-03
  -7.7016165e-03
  -5.9482425e-03
  -3.5536513e-03
  -7.7010759e-04
   2.2052642e-03
   5.1873720e-03
   7.9089922e-03
   9.9606193e-03
   1.0837761e-02
   1.0107396e-02
   7.6292492e-03
   3.7233992e-03
  -8.0880651e-04
  -4.8401054e-03
  -7.2082387e-03
  -7.0593004e-03
  -4.1491776e-03
   9.8698016e-04
   7.0730631e-03
   1.2374403e-02
   1.5181130e-02
   1.4351067e-02
   9.7154212e-03
   2.1886911e-03
  -6.4576402e-03
  -1.4068320e-02
  -1.8661563e-02
  -1.8912428e-02
  -1.4459970e-02
  -5.9973075e-03
   4.8528846e-03
   1.5848649e-02
   2.4577060e-02
   2.8971823e-02
   2.7801984e-02
   2.1006753e-02
   9.7608842e-03
  -3.7760772e-03
  -1.6970010e-02
  -2.7340882e-02
  -3.3133294e-02
  -3.3667717e-02
  -2.9380399e-02
  -2.1571913e-02
  -1.1986335e-02
  -2.3763120e-03
   5.8296436e-03
   1.1705301e-02
   1.4847926e-02
   1.5275907e-02
   1.3268947e-02
   9.2362898e-03
   3.6800556e-03
  -2.7392008e-03
  -9.1001327e-03
  -1.4190787e-02
  -1.6648934e-02
  -1.5300896e-02
  -9.6226660e-03
  -1.4839364e-04
   1.1390388e-02
   2.2353625e-02
   2.9908161e-02
   3.1962444e-02
   2.7963798e-02
   1.9201160e-02
   8.4310303e-03
  -1.0705329e-03
  -6.6668527e-03
  -7.2671013e-03
  -3.6278883e-03
   2.0414154e-03
   6.9787331e-03
   8.9022583e-03
   6.7849450e-03
   1.1106218e-03
  -6.4325017e-03
  -1.3653174e-02
  -1.8656155e-02
  -2.0438715e-02
  -1.9098195e-02
  -1.5635774e-02
  -1.1489861e-02
  -8.0004796e-03
  -5.9886952e-03
  -5.5654785e-03
  -6.1989759e-03
  -6.9881858e-03
  -7.0284934e-03
  -5.7334465e-03
  -3.0144964e-03
   7.0499374e-04
   4.6052056e-03
   7.6659518e-03
   8.9134654e-03
   7.6970068e-03
   3.9500228e-03
  -1.6511591e-03
  -7.7316568e-03
  -1.2513015e-02
  -1.4298379e-02
  -1.1988699e-02
  -5.4472886e-03
   4.4093933e-03
   1.5818188e-02
   2.6607330e-02
   3.4739596e-02
   3.8807726e-02
   3.8346271e-02
   3.3879327e-02
   2.6698716e-02
   1.8443624e-02
   1.0612134e-02
   4.1556096e-03
  -7.2166983e-04
  -4.5011637e-03
  -8.0525057e-03
  -1.2201850e-02
  -1.7317856e-02
  -2.3071877e-02
  -2.8481138e-02
  -3.2246200e-02
  -3.3270109e-02
  -3.1148628e-02
  -2.6408669e-02
  -2.0367545e-02
  -1.4651431e-02
  -1.0567478e-02
  -8.5942692e-03
  -8.2104809e-03
  -8.1454865e-03
  -6.9585025e-03
  -3.6996077e-03
   1.6469747e-03
   8.1431778e-03
   1.4303071e-02
   1.8722055e-02
   2.0631491e-02
   2.0139916e-02
   1.8092114e-02
   1.5656823e-02
   1.3851723e-02
   1.3201908e-02
   1.3635669e-02
   1.4607221e-02
   1.5354477e-02
   1.5177305e-02
   1.3648966e-02
   1.0720639e-02
   6.7182579e-03
   2.2508246e-03
  -1.9453376e-03
  -5.1994118e-03
  -7.1003195e-03
  -7.6416003e-03
  -7.2569885e-03
  -6.7028817e-03
  -6.7961260e-03
  -8.0881866e-03
  -1.0607897e-02
  -1.3794719e-02
  -1.6668845e-02
  -1.8181215e-02
  -1.7608200e-02
  -1.4836406e-02
  -1.0425589e-02
  -5.4224227e-03
  -9.9387599e-04
   1.9802766e-03
   3.2004884e-03
   3.0144996e-03
   2.2295809e-03
   1.7379278e-03
   2.1086779e-03
   3.3309668e-03
   4.8295774e-03
   5.7399562e-03
   5.3058669e-03
   3.2218823e-03
  -2.0844998e-04
  -4.1324611e-03
  -7.3747890e-03
  -8.7429042e-03
  -7.3339360e-03
  -2.7877063e-03
   4.5554763e-03
   1.3627490e-02
   2.2764381e-02
   3.0010708e-02
   3.3567652e-02
   3.2287552e-02
   2.6059000e-02
   1.5927838e-02
   3.8744328e-03
  -7.7136214e-03
  -1.6719825e-02
  -2.1905629e-02
  -2.3227460e-02
  -2.1734731e-02
  -1.9074459e-02
  -1.6789757e-02
  -1.5694497e-02
  -1.5585966e-02
  -1.5419546e-02
  -1.3867229e-02
  -1.0008133e-02
  -3.8409989e-03
   3.6060748e-03
   1.0609328e-02
   1.5373181e-02
   1.6676079e-02
   1.4281176e-02
   8.9752637e-03
   2.2612103e-03
  -4.1483563e-03
  -8.8470920e-03
  -1.1096464e-02
  -1.0926622e-02
  -8.9523888e-03
  -5.9853451e-03
  -2.6198200e-03
   1.0032245e-03
   5.1330545e-03
   1.0082273e-02
   1.5814421e-02
   2.1675770e-02
   2.6437480e-02
   2.8665954e-02
   2.7274646e-02
   2.2011430e-02
   1.3653539e-02
   3.8079396e-03
  -5.6117389e-03
  -1.3018020e-02
  -1.7632337e-02
  -1.9630160e-02
  -1.9912236e-02
  -1.9622564e-02
  -1.9631649e-02
  -2.0204967e-02
  -2.0977900e-02
  -2.1207110e-02
  -2.0149177e-02
  -1.7390585e-02
  -1.3011847e-02
  -7.5591131e-03
  -1.8668376e-03
   3.1962810e-03
   6.9873723e-03
   9.2922161e-03
   1.0411122e-02
   1.1082067e-02
   1.2237857e-02
   1.4660473e-02
   1.8651982e-02
   2.3847058e-02
   2.9236423e-02
   3.3389124e-02
   3.4804155e-02
   3.2305232e-02
   2.5395704e-02
   1.4490813e-02
   9.4677891e-04
  -1.3163235e-02
  -2.5504110e-02
  -3.4054822e-02
  -3.7638818e-02
  -3.6242334e-02
  -3.1005853e-02
  -2.3863266e-02
  -1.6919053e-02
  -1.1764203e-02
  -8.9805917e-03
  -8.0286548e-03
  -7.5645765e-03
  -6.0570087e-03
  -2.4550281e-03
   3.3519653e-03
   1.0453001e-02
   1.7236563e-02
   2.1983690e-02
   2.3497524e-02
   2.1522257e-02
   1.6798092e-02
   1.0758608e-02
   5.0249642e-03
   9.1147861e-04
  -8.9392344e-04
  -4.2327393e-04
   1.6643825e-03
   4.2971121e-03
   6.2734294e-03
   6.5687069e-03
   4.6039604e-03
   4.0456253e-04
  -5.4050427e-03
  -1.1771523e-02
  -1.7487260e-02
  -2.1475324e-02
  -2.3000911e-02
  -2.1767476e-02
  -1.7906082e-02
  -1.1902173e-02
  -4.5088685e-03
   3.3307621e-03
   1.0568510e-02
   1.6177760e-02
   1.9335462e-02
   1.9625149e-02
   1.7191283e-02
   1.2774412e-02
   7.5829707e-03
   2.9982627e-03
   1.6377942e-04
  -4.2415829e-04
   8.4065359e-04
   2.7453940e-03
   3.6824520e-03
   2.3015045e-03
  -1.8698560e-03
  -8.1174821e-03
  -1.4707747e-02
  -1.9487547e-02
  -2.0679829e-02
  -1.7555001e-02
  -1.0722398e-02
  -1.9459377e-03
   6.4371573e-03
   1.2285473e-02
   1.4346375e-02
   1.2640120e-02
   8.4072511e-03
   3.6359473e-03
   3.3000314e-04
  -2.2155622e-04
   2.0985677e-03
   6.2225848e-03
   1.0321949e-02
   1.2497354e-02
   1.1475178e-02
   7.0618964e-03
   2.0172588e-04
  -7.3704433e-03
  -1.3736605e-02
  -1.7421500e-02
  -1.7796796e-02
  -1.5131747e-02
  -1.0326156e-02
  -4.5019319e-03
   1.3361250e-03
   6.4426979e-03
   1.0285370e-02
   1.2420377e-02
   1.2427243e-02
   9.9866560e-03
   5.0865159e-03
  -1.7542318e-03
  -9.3919310e-03
  -1.6200058e-02
  -2.0452856e-02
  -2.0847664e-02
  -1.6983666e-02
  -9.5957838e-03
  -4.0730369e-04
   8.3874815e-03
   1.4825494e-02
   1.7776742e-02
   1.7206128e-02
   1.4023559e-02
   9.6378833e-03
   5.4336250e-03
   2.3730898e-03
   8.2778359e-04
   6.3304147e-04
   1.2892317e-03
   2.2093146e-03
   2.9203173e-03
   3.1570316e-03
   2.8385943e-03
   1.9766301e-03
   5.9548833e-04
  -1.2712314e-03
  -3.5023938e-03
  -5.7940282e-03
  -7.6468980e-03
  -8.4985857e-03
  -7.9608708e-03
  -6.0310654e-03
  -3.1411481e-03
  -3.6771499e-06
   2.6588356e-03
   4.3460809e-03
   4.8574609e-03
   4.2140284e-03
   2.5263316e-03
  -7.6510826e-05
  -3.4126158e-03
  -7.1517916e-03
  -1.0743784e-02
  -1.3439942e-02
  -1.4429808e-02
  -1.3059486e-02
  -9.0587051e-03
  -2.6952181e-03
   5.1990417e-03
   1.3343025e-02
   2.0239146e-02
   2.4480776e-02
   2.5082537e-02
   2.1764651e-02
   1.5100925e-02
   6.4432332e-03
  -2.4067077e-03
  -9.7028736e-03
  -1.4265177e-02
  -1.5796325e-02
  -1.4879378e-02
  -1.2668068e-02
  -1.0414201e-02
  -9.0309929e-03
  -8.8413200e-03
  -9.5495251e-03
  -1.0385936e-02
  -1.0349479e-02
  -8.4930342e-03
  -4.2113265e-03
   2.5160596e-03
   1.0989116e-02
   1.9823758e-02
   2.7197699e-02
   3.1281516e-02
   3.0749813e-02
   2.5211742e-02
   1.5410695e-02
   3.1166601e-03
  -9.2705516e-03
  -1.9308495e-02
  -2.5132978e-02
  -2.5929337e-02
  -2.2100823e-02
  -1.5077750e-02
  -6.8405260e-03
   6.6970953e-04
   6.0516997e-03
   8.7061082e-03
   8.8129121e-03
   7.0906314e-03
   4.4748323e-03
   1.8469752e-03
  -1.2788485e-04
  -1.0744878e-03
  -9.3888075e-04
   1.7471428e-06
   1.1721303e-03
   1.8171970e-03
   1.2317258e-03
  -9.3210558e-04
  -4.3960406e-03
  -8.1885231e-03
  -1.0888132e-02
  -1.1139361e-02
  -8.2441284e-03
  -2.5633229e-03
   4.4718533e-03
   1.0772879e-02
   1.4284182e-02
   1.3691731e-02
   8.8913593e-03
   1.0585080e-03
  -7.6913040e-03
  -1.4927324e-02
  -1.8610229e-02
  -1.7667323e-02
  -1.2272047e-02
  -3.7503793e-03
   5.8533975e-03
   1.4405448e-02
   2.0285879e-02
   2.2761515e-02
   2.2027276e-02
   1.8954994e-02
   1.4690205e-02
   1.0260875e-02
   6.3149065e-03
   3.0260911e-03
   1.4693231e-04
  -2.8319894e-03
  -6.4440039e-03
  -1.0958644e-02
  -1.6118562e-02
  -2.1032987e-02
  -2.4352746e-02
  -2.4737658e-02
  -2.1453760e-02
  -1.4821392e-02
  -6.2684706e-03
   2.0805297e-03
   8.1280170e-03
   1.0538457e-02
   9.1816572e-03
   5.1192391e-03
   1.6934710e-04
  -3.7550468e-03
  -5.2754366e-03
  -3.9243116e-03
  -1.6465098e-04
   4.9062679e-03
   1.0014173e-02
   1.4131928e-02
   1.6712891e-02
   1.7670444e-02
   1.7162202e-02
   1.5334004e-02
   1.2191966e-02
   7.6818859e-03
   1.9153422e-03
  -4.6158254e-03
  -1.0986566e-02
  -1.5999148e-02
  -1.8497952e-02
  -1.7721139e-02
  -1.3574993e-02
  -6.7501226e-03
   1.3616613e-03
   8.9480873e-03
   1.4205010e-02
   1.5812505e-02
   1.3318175e-02
   7.2881086e-03
  -8.4662257e-04
  -9.2037390e-03
  -1.5978295e-02
  -1.9911646e-02
  -2.0569687e-02
  -1.8368286e-02
  -1.4346057e-02
  -9.7469727e-03
  -5.5458492e-03
  -2.0994283e-03
   9.1399229e-04
   4.2123106e-03
   8.3941641e-03
   1.3438191e-02
   1.8491657e-02
   2.2100118e-02
   2.2807248e-02
   1.9850245e-02
   1.3606827e-02
   5.5583392e-03
  -2.2348968e-03
  -7.9155807e-03
  -1.0519451e-02
  -1.0272225e-02
  -8.3730356e-03
  -6.3686867e-03
  -5.4008893e-03
  -5.6725850e-03
  -6.3951636e-03
  -6.2622573e-03
  -4.2312715e-03
  -2.1329318e-04
   4.7090489e-03
   8.6834863e-03
   9.9297944e-03
   7.6043682e-03
   2.2573519e-03
  -4.3375717e-03
  -9.8867930e-03
  -1.2469339e-02
  -1.1211813e-02
  -6.4840195e-03
   3.9041594e-04
   7.6964015e-03
   1.3880598e-02
   1.7897739e-02
   1.9304319e-02
   1.8169086e-02
   1.4903319e-02
   1.0090052e-02
   4.3523278e-03
  -1.7324460e-03
  -7.6832480e-03
  -1.3139821e-02
  -1.7855418e-02
  -2.1651319e-02
  -2.4346434e-02
  -2.5701485e-02
  -2.5429003e-02
  -2.3299836e-02
  -1.9317689e-02
  -1.3862936e-02
  -7.6858208e-03
  -1.6957421e-03
   3.3835578e-03
   7.3260579e-03
   1.0508791e-02
   1.3724271e-02
   1.7755609e-02
   2.2900665e-02
   2.8678986e-02
   3.3881537e-02
   3.6962885e-02
   3.6615239e-02
   3.2280748e-02
   2.4385828e-02
   1.4205392e-02
   3.4283812e-03
  -6.3827981e-03
  -1.4222488e-02
  -1.9810262e-02
  -2.3455381e-02
  -2.5694194e-02
  -2.6878489e-02
  -2.6926114e-02
  -2.5369872e-02
  -2.1682323e-02
  -1.5705669e-02
  -7.9667809e-03
   2.7700907e-04
   7.2940913e-03
   1.1358993e-02
   1.1307120e-02
   6.9810834e-03
  -5.9947141e-04
  -9.4391638e-03
  -1.7110964e-02
  -2.1480344e-02
  -2.1358905e-02
  -1.6849106e-02
  -9.2611788e-03
  -6.5068114e-04
   6.8464189e-03
   1.1663208e-02
   1.3251312e-02
   1.2214525e-02
   1.0092159e-02
   8.8474506e-03
   1.0201206e-02
   1.5003444e-02
   2.2836643e-02
   3.1993063e-02
   3.9871191e-02
   4.3705010e-02
   4.1413177e-02
   3.2292378e-02
   1.7318771e-02
  -1.0462730e-03
  -1.9477308e-02
  -3.4624292e-02
  -4.3914678e-02
  -4.6112144e-02
  -4.1524057e-02
  -3.1845813e-02
  -1.9706424e-02
  -8.0346522e-03
   6.0744715e-04
   4.5819197e-03
   3.5121361e-03
  -1.6696427e-03
  -8.9844818e-03
  -1.5932584e-02
  -2.0155975e-02
  -2.0051142e-02
  -1.5151892e-02
  -6.1881825e-03
   5.1566312e-03
   1.6685258e-02
   2.6194480e-02
   3.1938794e-02
   3.2964443e-02
   2.9260010e-02
   2.1704717e-02
   1.1832765e-02
   1.4698488e-03
  -7.6678272e-03
  -1.4304343e-02
  -1.7776739e-02
  -1.8024050e-02
  -1.5442366e-02
  -1.0695625e-02
  -4.5577422e-03
   2.1794986e-03
   8.7333624e-03
   1.4319097e-02
   1.8155135e-02
   1.9547714e-02
   1.8075811e-02
   1.3810977e-02
   7.4395029e-03
   1.7094957e-04
  -6.5810394e-03
  -1.1635897e-02
  -1.4418084e-02
  -1.5092457e-02
  -1.4385636e-02
  -1.3162567e-02
  -1.1963289e-02
  -1.0744625e-02
  -8.9685667e-03
  -5.9834414e-03
  -1.4788699e-03
   4.2346399e-03
   1.0258396e-02
   1.5414804e-02
   1.8665386e-02
   1.9437083e-02
   1.7723355e-02
   1.3948724e-02
   8.7014236e-03
   2.4966767e-03
  -4.2958894e-03
  -1.1335306e-02
  -1.8107917e-02
  -2.3813498e-02
  -2.7461608e-02
  -2.8165896e-02
  -2.5494442e-02
  -1.9693204e-02
  -1.1668586e-02
  -2.7433927e-03
   5.6953846e-03
   1.2514462e-02
   1.7026773e-02
   1.9045897e-02
   1.8841989e-02
   1.7041220e-02
   1.4482863e-02
   1.2032102e-02
   1.0365113e-02
   9.7802372e-03
   1.0108916e-02
   1.0777417e-02
   1.1010350e-02
   1.0102487e-02
   7.6550429e-03
   3.6931426e-03
  -1.3640341e-03
  -6.8525189e-03
  -1.2065869e-02
  -1.6428738e-02
  -1.9576550e-02
  -2.1327965e-02
  -2.1595418e-02
  -2.0306628e-02
  -1.7399487e-02
  -1.2915206e-02
  -7.1545520e-03
  -7.9622786e-04
   5.1482569e-03
   9.6072597e-03
   1.1875913e-02
   1.1992377e-02
   1.0834260e-02
   9.8255868e-03
   1.0342086e-02
   1.3060223e-02
   1.7531898e-02
   2.2179863e-02
   2.4751573e-02
   2.3102216e-02
   1.6046228e-02
   3.9608120e-03
  -1.1115136e-02
  -2.5965062e-02
  -3.7114980e-02
  -4.1879904e-02
  -3.9189105e-02
  -2.9921585e-02
  -1.6637163e-02
  -2.7803661e-03
   8.3812181e-03
   1.4714883e-02
   1.5742053e-02
   1.2561502e-02
   7.2594635e-03
   2.0781585e-03
  -1.3292882e-03
  -2.3155430e-03
  -1.2516054e-03
   7.9010207e-04
   2.5310004e-03
   2.9933709e-03
   1.8644005e-03
  -3.9553320e-04
  -2.7264483e-03
  -3.8453278e-03
  -2.6799483e-03
   1.2827212e-03
   7.8181703e-03
   1.5969681e-02
   2.4207771e-02
   3.0709541e-02
   3.3729993e-02
   3.2019943e-02
   2.5204084e-02
   1.4003632e-02
   2.0456177e-04
  -1.3664888e-02
  -2.4900384e-02
  -3.1306643e-02
  -3.1821257e-02
  -2.6878429e-02
  -1.8355863e-02
  -9.0660918e-03
  -1.9211661e-03
   9.5618004e-04
  -1.1402635e-03
  -7.3554035e-03
  -1.5635815e-02
  -2.3423503e-02
  -2.8398892e-02
  -2.9031563e-02
  -2.4834614e-02
  -1.6348297e-02
  -4.9299266e-03
   7.5823045e-03
   1.9270415e-02
   2.8519191e-02
   3.4281461e-02
   3.6162736e-02
   3.4340294e-02
   2.9397073e-02
   2.2157787e-02
   1.3572443e-02
   4.6437869e-03
  -3.6309462e-03
  -1.0335233e-02
  -1.4738471e-02
  -1.6411611e-02
  -1.5307268e-02
  -1.1764131e-02
  -6.4334898e-03
  -1.6476100e-04
   6.1045938e-03
   1.1435922e-02
   1.4972225e-02
   1.6052222e-02
   1.4365125e-02
   1.0100629e-02
   4.0090774e-03
  -2.6952546e-03
  -8.5869128e-03
  -1.2372958e-02
  -1.3238206e-02
  -1.1104593e-02
  -6.7240534e-03
  -1.5450831e-03
   2.6533809e-03
   4.2852561e-03
   2.4812580e-03
  -2.5802591e-03
  -9.6839273e-03
  -1.6947880e-02
  -2.2417277e-02
  -2.4654595e-02
  -2.3124954e-02
  -1.8277748e-02
  -1.1336122e-02
  -3.8836193e-03
   2.6180036e-03
   7.2296113e-03
   9.7263583e-03
   1.0526723e-02
   1.0416033e-02
   1.0210860e-02
   1.0516137e-02
   1.1642588e-02
   1.3644206e-02
   1.6383533e-02
   1.9559635e-02
   2.2700205e-02
   2.5168736e-02
   2.6234717e-02
   2.5205558e-02
   2.1571778e-02
   1.5120748e-02
   6.0196313e-03
  -5.1095106e-03
  -1.7139891e-02
  -2.8492756e-02
  -3.7369599e-02
  -4.2155926e-02
  -4.1876323e-02
  -3.6522319e-02
  -2.7112279e-02
  -1.5454106e-02
  -3.6992876e-03
   6.1618709e-03
   1.2720815e-02
   1.5390619e-02
   1.4428405e-02
   1.0763354e-02
   5.7002007e-03
   5.8955966e-04
  -3.4523328e-03
  -5.7241567e-03
  -6.0057738e-03
  -4.5142788e-03
  -1.7601150e-03
   1.6658486e-03
   5.3024936e-03
   8.9305259e-03
   1.2525994e-02
   1.6081465e-02
   1.9404812e-02
   2.2026854e-02
   2.3288724e-02
   2.2574887e-02
   1.9573896e-02
   1.4435784e-02
   7.7563695e-03
   4.1246107e-04
  -6.6623835e-03
  -1.2668710e-02
  -1.7052070e-02
  -1.9540869e-02
  -2.0142646e-02
  -1.9119062e-02
  -1.6936157e-02
  -1.4180653e-02
  -1.1450983e-02
  -9.2505872e-03
  -7.9109578e-03
  -7.5571911e-03
  -8.1133154e-03
  -9.3341209e-03
  -1.0843882e-02
  -1.2162857e-02
  -1.2716532e-02
  -1.1850817e-02
  -8.9030243e-03
  -3.3743271e-03
   4.8074850e-03
   1.5036618e-02
   2.5944615e-02
   3.5590665e-02
   4.1905857e-02
   4.3248005e-02
   3.8879206e-02
   2.9214804e-02
   1.5772592e-02
   8.3808373e-04
  -1.3065088e-02
  -2.3762002e-02
  -2.9915211e-02
  -3.1278863e-02
  -2.8642549e-02
  -2.3486934e-02
  -1.7473330e-02
  -1.1942496e-02
  -7.5810917e-03
  -4.3459739e-03
  -1.6489535e-03
   1.2807748e-03
   4.9999049e-03
   9.5713765e-03
   1.4500242e-02
   1.8893557e-02
   2.1765584e-02
   2.2360073e-02
   2.0368515e-02
   1.5983303e-02
   9.8080100e-03
   2.7056724e-03
  -4.3393129e-03
  -1.0331810e-02
  -1.4393918e-02
  -1.5949338e-02
  -1.4931290e-02
  -1.1906577e-02
  -8.0007571e-03
  -4.5821519e-03
  -2.7746380e-03
  -2.9700638e-03
  -4.5625466e-03
  -6.0899465e-03
  -5.8162896e-03
  -2.5631256e-03
   3.5792508e-03
   1.1030788e-02
   1.7160014e-02
   1.9246692e-02
   1.5579890e-02
   6.2222490e-03
  -6.8941652e-03
  -2.0584801e-02
  -3.1478549e-02
  -3.7089074e-02
  -3.6475147e-02
  -3.0284213e-02
  -2.0259142e-02
  -8.5066441e-03
   3.1271804e-03
   1.3359342e-02
   2.1447408e-02
   2.7001196e-02
   2.9824311e-02
   2.9900780e-02
   2.7510416e-02
   2.3353055e-02
   1.8543942e-02
   1.4412371e-02
   1.2142416e-02
   1.2378407e-02
   1.4944396e-02
   1.8791109e-02
   2.2206405e-02
   2.3243084e-02
   2.0257274e-02
   1.2416161e-02
   2.7168656e-05
  -1.5424877e-02
  -3.1565593e-02
  -4.5675380e-02
  -5.5340204e-02
  -5.9023177e-02
  -5.6389496e-02
  -4.8290094e-02
  -3.6423663e-02
  -2.2814301e-02
  -9.3074085e-03
   2.7423867e-03
   1.2530504e-02
   1.9679072e-02
   2.4073883e-02
   2.5782759e-02
   2.5080363e-02
   2.2501473e-02
   1.8811864e-02
   1.4847674e-02
   1.1278500e-02
   8.4186894e-03
   6.2041468e-03
   4.3731700e-03
   2.7727970e-03
   1.6163086e-03
   1.5111594e-03
   3.1849551e-03
   7.0101420e-03
   1.2567704e-02
   1.8508318e-02
   2.2841213e-02
   2.3569730e-02
   1.9418403e-02
   1.0355747e-02
  -2.2821685e-03
  -1.6094339e-02
  -2.8226188e-02
  -3.6099442e-02
  -3.8067856e-02
  -3.3848326e-02
  -2.4633823e-02
  -1.2850247e-02
  -1.5824283e-03
   6.2224670e-03
   8.5800800e-03
   5.0838334e-03
  -2.8982206e-03
  -1.2546298e-02
  -2.0379820e-02
  -2.3308054e-02
  -1.9621812e-02
  -9.5900311e-03
   4.5705098e-03
   1.9371431e-02
   3.1148989e-02
   3.7188977e-02
   3.6484458e-02
   2.9889635e-02
   1.9680545e-02
   8.7502415e-03
  -2.4509016e-04
  -5.5270407e-03
  -6.4937493e-03
  -3.6798649e-03
   1.5299809e-03
   7.3088665e-03
   1.1809694e-02
   1.3539302e-02
   1.1652973e-02
   6.1352482e-03
  -2.1830846e-03
  -1.1811153e-02
  -2.0966597e-02
  -2.8019891e-02
  -3.1855674e-02
  -3.2024999e-02
  -2.8671922e-02
  -2.2335933e-02
  -1.3778944e-02
  -3.9311634e-03
   6.0663749e-03
   1.4842949e-02
   2.0935066e-02
   2.3123257e-02
   2.0872966e-02
   1.4676185e-02
   6.0894988e-03
  -2.6158363e-03
  -9.0980932e-03
  -1.1653880e-02
  -9.7360580e-03
  -4.1055785e-03
   3.4241151e-03
   1.0556743e-02
   1.5204507e-02
   1.6076056e-02
   1.2985031e-02
   6.8118604e-03
  -8.2908015e-04
  -8.0795752e-03
  -1.3320430e-02
  -1.5516747e-02
  -1.4369360e-02
  -1.0286778e-02
  -4.2246863e-03
   2.5583751e-03
   8.7791659e-03
   1.3382875e-02
   1.5715330e-02
   1.5583971e-02
   1.3214120e-02
   9.1390093e-03
   4.0761271e-03
  -1.1720491e-03
  -5.7959937e-03
  -9.0758997e-03
  -1.0527298e-02
  -1.0061138e-02
  -8.0607626e-03
  -5.2873076e-03
  -2.6151572e-03
  -7.0513296e-04
   2.3081448e-04
   4.5965559e-04
   5.3580419e-04
   9.7369286e-04
   1.9315435e-03
   3.0551555e-03
   3.5744890e-03
   2.6448270e-03
  -1.9598475e-04
  -4.6708515e-03
  -9.7155683e-03
  -1.3817622e-02
  -1.5621030e-02
  -1.4521094e-02
  -1.0956465e-02
  -6.2455899e-03
  -2.0349368e-03
   3.9296535e-04
   6.5036961e-04
  -6.0575518e-04
  -1.9622279e-03
  -1.8564592e-03
   7.5253256e-04
   5.9357533e-03
   1.2756681e-02
   1.9641616e-02
   2.4972209e-02
   2.7634014e-02
   2.7303667e-02
   2.4394615e-02
   1.9737670e-02
   1.4180788e-02
   8.3055813e-03
   2.3709521e-03
  -3.5417521e-03
  -9.3105524e-03
  -1.4626057e-02
  -1.8997619e-02
  -2.1900934e-02
  -2.2981521e-02
  -2.2203489e-02
  -1.9866113e-02
  -1.6485496e-02
  -1.2612917e-02
  -8.6891414e-03
  -4.9975842e-03
  -1.7062092e-03
   1.0673892e-03
   3.2321296e-03
   4.7548019e-03
   5.7072702e-03
   6.2766172e-03
   6.7142000e-03
   7.2406028e-03
   7.9487303e-03
   8.7511072e-03
   9.4057319e-03
   9.6263964e-03
   9.2348497e-03
   8.2646330e-03
   6.9281376e-03
   5.4362035e-03
   3.7707286e-03
   1.5696068e-03
  -1.7597987e-03
  -6.7040097e-03
  -1.3223079e-02
  -2.0464478e-02
  -2.6803504e-02
  -3.0268553e-02
  -2.9225911e-02
  -2.3059527e-02
  -1.2556574e-02
   1.9134068e-04
   1.2378999e-02
   2.1378831e-02
   2.5604835e-02
   2.5017401e-02
   2.1076897e-02
   1.6169985e-02
   1.2725361e-02
   1.2335372e-02
   1.5186766e-02
   1.9992364e-02
   2.4443420e-02
   2.6021912e-02
   2.2883155e-02
   1.4496528e-02
   1.8325330e-03
  -1.2938520e-02
  -2.7098061e-02
  -3.8135566e-02
  -4.4348534e-02
  -4.5106033e-02
  -4.0749332e-02
  -3.2261651e-02
  -2.0916821e-02
  -8.0707598e-03
   4.8754318e-03
   1.6445154e-02
   2.5138525e-02
   2.9652838e-02
   2.9232124e-02
   2.3997191e-02
   1.5075923e-02
   4.4225410e-03
  -5.6493514e-03
  -1.3066430e-02
  -1.6520415e-02
  -1.5749877e-02
  -1.1514025e-02
  -5.3057011e-03
   1.0771724e-03
   5.9718898e-03
   8.2087402e-03
   7.3374047e-03
   3.7014815e-03
  -1.6473337e-03
  -7.1908564e-03
  -1.1309887e-02
  -1.2699471e-02
  -1.0719590e-02
  -5.5625588e-03
   1.8253342e-03
   1.0034644e-02
   1.7583955e-02
   2.3277477e-02
   2.6427367e-02
   2.6898240e-02
   2.4989980e-02
   2.1218487e-02
   1.6082350e-02
   9.9143413e-03
   2.8904164e-03
  -4.8068071e-03
  -1.2766265e-02
  -2.0213532e-02
  -2.6076767e-02
  -2.9271231e-02
  -2.9104623e-02
  -2.5624216e-02
  -1.9726362e-02
  -1.2941620e-02
  -6.9525864e-03
  -3.0256990e-03
  -1.5858674e-03
  -2.1104369e-03
  -3.3832678e-03
  -3.9926099e-03
  -2.8605185e-03
   3.9682531e-04
   5.3824238e-03
   1.1094074e-02
   1.6267129e-02
   1.9754349e-02
   2.0824489e-02
   1.9309040e-02
   1.5586627e-02
   1.0441147e-02
   4.8535790e-03
  -2.1087161e-04
  -3.9793835e-03
  -6.0023022e-03
  -6.2424658e-03
  -5.1083472e-03
  -3.3857263e-03
  -2.0263142e-03
  -1.8148666e-03
  -3.0267801e-03
  -5.2364819e-03
  -7.3987102e-03
  -8.2144973e-03
  -6.6639106e-03
  -2.4954646e-03
   3.5475714e-03
   9.8915974e-03
   1.4650391e-02
   1.6299316e-02
   1.4237668e-02
   9.0188807e-03
   2.1660625e-03
  -4.3500724e-03
  -8.7784499e-03
  -1.0169566e-02
  -8.6794853e-03
  -5.4987032e-03
  -2.4331898e-03
  -1.2799432e-03
  -3.2049795e-03
  -8.3230801e-03
  -1.5601852e-02
  -2.3104636e-02
  -2.8491095e-02
  -2.9636134e-02
  -2.5211063e-02
  -1.5086870e-02
  -4.5780313e-04
   1.6355986e-02
   3.2385066e-02
   4.4644290e-02
   5.0765257e-02
   4.9493181e-02
   4.0964055e-02
   2.6716684e-02
   9.4202195e-03
  -7.6609012e-03
  -2.1373788e-02
  -2.9395294e-02
  -3.0773868e-02
  -2.6140745e-02
  -1.7515579e-02
  -7.7335570e-03
   3.6913619e-04
   4.7780571e-03
   4.8585132e-03
   1.4397154e-03
  -3.6147313e-03
  -8.1784832e-03
  -1.0656107e-02
  -1.0477579e-02
  -8.1234370e-03
  -4.7284453e-03
  -1.4828423e-03
   8.9501155e-04
   2.4025571e-03
   3.6354278e-03
   5.3814276e-03
   8.1171680e-03
   1.1639971e-02
   1.5011659e-02
   1.6857670e-02
   1.5910909e-02
   1.1579710e-02
   4.3008521e-03
  -4.4779751e-03
  -1.2693688e-02
  -1.8302441e-02
  -1.9928069e-02
  -1.7296982e-02
  -1.1306719e-02
  -3.7015729e-03
   3.5286342e-03
   8.7986597e-03
   1.1370922e-02
   1.1423135e-02
   9.7490928e-03
   7.2778067e-03
   4.6691465e-03
   2.1711334e-03
  -2.4195185e-04
  -2.5834261e-03
  -4.6106082e-03
  -5.7718039e-03
  -5.3911533e-03
  -3.0235303e-03
   1.1814390e-03
   6.2980699e-03
   1.0757603e-02
   1.2791618e-02
   1.1035334e-02
   5.0577380e-03
  -4.3890648e-03
  -1.5490507e-02
  -2.5806588e-02
  -3.2877485e-02
  -3.4828382e-02
  -3.0829639e-02
  -2.1310192e-02
  -7.8741606e-03
   7.0622662e-03
   2.0823644e-02
   3.1073755e-02
   3.6303249e-02
   3.6086812e-02
   3.1066010e-02
   2.2699104e-02
   1.2874225e-02
   3.4896316e-03
  -3.9158660e-03
  -8.4214048e-03
  -9.8330532e-03
  -8.6371402e-03
  -5.8279928e-03
  -2.6630234e-03
  -3.9640958e-04
  -2.1718633e-05
  -2.0373254e-03
  -6.2604783e-03
  -1.1751975e-02
  -1.6934711e-02
  -1.9954566e-02
  -1.9236290e-02
  -1.4072305e-02
  -5.0154467e-03
   6.1199842e-03
   1.6707800e-02
   2.4082271e-02
   2.6356314e-02
   2.2979036e-02
   1.4837906e-02
   3.9018237e-03
  -7.4282377e-03
  -1.7012395e-02
  -2.3479323e-02
  -2.6414605e-02
  -2.6226065e-02
  -2.3793315e-02
  -2.0060895e-02
  -1.5719366e-02
  -1.1058633e-02
  -6.0024558e-03
  -2.6900005e-04
   6.4261402e-03
   1.4189579e-02
   2.2815043e-02
   3.1694552e-02
   3.9794446e-02
   4.5741242e-02
   4.8054149e-02
   4.5508273e-02
   3.7543202e-02
   2.4585052e-02
   8.1498625e-03
  -9.3526572e-03
  -2.5106128e-02
  -3.6555356e-02
  -4.2067573e-02
  -4.1375064e-02
  -3.5635178e-02
  -2.7061905e-02
  -1.8233776e-02
  -1.1304793e-02
  -7.3891006e-03
  -6.3366163e-03
  -6.9741568e-03
  -7.6991080e-03
  -7.1649953e-03
  -4.7728215e-03
  -7.9215969e-04
   3.8832300e-03
   8.1798492e-03
   1.1254451e-02
   1.2688328e-02
   1.2429951e-02
   1.0599713e-02
   7.3340070e-03
   2.7920702e-03
  -2.6796921e-03
  -8.3551351e-03
  -1.3082709e-02
  -1.5496411e-02
  -1.4446151e-02
  -9.4676653e-03
  -1.0619852e-03
   9.3697831e-03
   1.9928800e-02
   2.8790070e-02
   3.4701690e-02
   3.7215573e-02
   3.6586129e-02
   3.3426384e-02
   2.8317149e-02
   2.1576385e-02
   1.3301547e-02
   3.6385940e-03
  -6.9060695e-03
  -1.7326155e-02
  -2.6267497e-02
  -3.2426319e-02
  -3.5017250e-02
  -3.4101779e-02
  -3.0629524e-02
  -2.6157948e-02
  -2.2339073e-02
  -2.0356389e-02
  -2.0523037e-02
  -2.2193784e-02
  -2.4017632e-02
  -2.4418593e-02
  -2.2103984e-02
  -1.6410965e-02
  -7.4091119e-03
   4.1911529e-03
   1.7208573e-02
   3.0156152e-02
   4.1397676e-02
   4.9342583e-02
   5.2710906e-02
   5.0836837e-02
   4.3914327e-02
   3.3065554e-02
   2.0156259e-02
   7.3776440e-03
  -3.2864661e-03
  -1.0538766e-02
  -1.4043212e-02
  -1.4412177e-02
  -1.2913927e-02
  -1.1000189e-02
  -9.8212693e-03
  -9.9091779e-03
  -1.1144453e-02
  -1.2991668e-02
  -1.4854655e-02
  -1.6347936e-02
  -1.7346951e-02
  -1.7829356e-02
  -1.7656664e-02
  -1.6478701e-02
  -1.3853939e-02
  -9.5334584e-03
  -3.7499263e-03
   2.6596911e-03
   8.3953703e-03
   1.2081878e-02
   1.2777136e-02
   1.0407476e-02
   5.9342759e-03
   1.1345678e-03
  -1.9744873e-03
  -1.8723022e-03
   1.8612962e-03
   8.3350765e-03
   1.5626687e-02
   2.1445715e-02
   2.3920620e-02
   2.2216952e-02
   1.6775151e-02
   9.1052142e-03
   1.2342098e-03
  -4.9821987e-03
  -8.4406580e-03
  -9.0785814e-03
  -7.7995476e-03
  -6.0811989e-03
  -5.3983151e-03
  -6.6475444e-03
  -9.7739794e-03
  -1.3751564e-02
  -1.6948839e-02
  -1.7755222e-02
  -1.5227403e-02
  -9.5028127e-03
  -1.8218061e-03
   5.8451879e-03
   1.1423946e-02
   1.3399038e-02
   1.1307188e-02
   5.9214655e-03
  -9.3548519e-04
  -6.9264698e-03
  -9.9563436e-03
  -8.9188754e-03
  -4.1580201e-03
   2.5649525e-03
   8.6378412e-03
   1.1532946e-02
   9.7883973e-03
   3.6609221e-03
  -4.8328157e-03
  -1.2547612e-02
  -1.6306191e-02
  -1.4059393e-02
  -5.6794977e-03
   6.9039063e-03
   2.0275038e-02
   3.0612246e-02
   3.4909843e-02
   3.1932096e-02
   2.2585397e-02
   9.5937641e-03
  -3.4022677e-03
  -1.3013212e-02
  -1.7141855e-02
  -1.5558189e-02
  -9.8412459e-03
  -2.7489193e-03
   2.7331255e-03
   4.3294838e-03
   1.1077322e-03
  -6.3506226e-03
  -1.6231990e-02
  -2.6087798e-02
  -3.3547216e-02
  -3.6940571e-02
  -3.5663838e-02
  -3.0188814e-02
  -2.1737641e-02
  -1.1768654e-02
  -1.5000469e-03
   8.3321219e-03
   1.7419436e-02
   2.5624582e-02
   3.2703142e-02
   3.8164176e-02
   4.1333533e-02
   4.1571006e-02
   3.8523316e-02
   3.2299945e-02
   2.3519040e-02
   1.3232334e-02
   2.7611748e-03
  -6.5325649e-03
  -1.3520169e-02
  -1.7579995e-02
  -1.8789051e-02
  -1.7931523e-02
  -1.6259694e-02
  -1.5042244e-02
  -1.5056708e-02
  -1.6247721e-02
  -1.7723513e-02
  -1.8119695e-02
  -1.6200030e-02
  -1.1459423e-02
  -4.4777246e-03
   3.1464891e-03
   9.2923538e-03
   1.2071078e-02
   1.0543865e-02
   5.1092127e-03
  -2.6028256e-03
  -1.0281931e-02
  -1.5699671e-02
  -1.7379150e-02
  -1.4943703e-02
  -9.0755041e-03
  -1.1696271e-03
   7.1428958e-03
   1.4426770e-02
   1.9713599e-02
   2.2578549e-02
   2.3057704e-02
   2.1483687e-02
   1.8323125e-02
   1.4070225e-02
   9.2064808e-03
   4.2019109e-03
  -4.7833745e-04
  -4.3844342e-03
  -7.1058730e-03
  -8.2955214e-03
  -7.7005385e-03
  -5.2308474e-03
  -1.0799651e-03
   4.1459874e-03
   9.3877820e-03
   1.3269560e-02
   1.4424278e-02
   1.1919773e-02
   5.6318337e-03
  -3.5872203e-03
  -1.4033167e-02
  -2.3561258e-02
  -3.0178962e-02
  -3.2635973e-02
  -3.0799360e-02
  -2.5657011e-02
  -1.8931361e-02
  -1.2450651e-02
  -7.5282690e-03
  -4.5847693e-03
  -3.1274114e-03
  -2.0526959e-03
  -1.3218368e-04
   3.4931116e-03
   8.9643492e-03
   1.5603615e-02
   2.2088847e-02
   2.6856321e-02
   2.8611341e-02
   2.6780065e-02
   2.1737448e-02
   1.4719296e-02
   7.4509999e-03
   1.6380679e-03
  -1.4970943e-03
  -1.4942465e-03
   1.2936413e-03
   5.8380500e-03
   1.0690614e-02
   1.4301316e-02
   1.5360776e-02
   1.3113326e-02
   7.5581391e-03
  -5.3941294e-04
  -9.8432200e-03
  -1.8781912e-02
  -2.5907063e-02
  -3.0167873e-02
  -3.1050350e-02
  -2.8588371e-02
  -2.3291060e-02
  -1.6034020e-02
  -7.9361452e-03
  -2.1524514e-04
   5.9857304e-03
   9.7838576e-03
   1.0709492e-02
   8.7832035e-03
   4.4927991e-03
  -1.3229563e-03
  -7.6466125e-03
  -1.3453604e-02
  -1.7833816e-02
  -2.0050480e-02
  -1.9568514e-02
  -1.6102756e-02
  -9.7068973e-03
  -8.6585160e-04
   9.4822167e-03
   2.0051035e-02
   2.9437642e-02
   3.6417000e-02
   4.0201153e-02
   4.0570283e-02
   3.7831307e-02
   3.2636372e-02
   2.5761498e-02
   1.7953652e-02
   9.8877028e-03
   2.1856289e-03
  -4.5878196e-03
  -1.0003918e-02
  -1.3901196e-02
  -1.6485701e-02
  -1.8304729e-02
  -2.0051183e-02
  -2.2252360e-02
  -2.4979994e-02
  -2.7729549e-02
  -2.9543253e-02
  -2.9338066e-02
  -2.6312006e-02
  -2.0276670e-02
  -1.1796498e-02
  -2.0864617e-03
   7.2927302e-03
   1.4829747e-02
   1.9412135e-02
   2.0532384e-02
   1.8325872e-02
   1.3476491e-02
   7.0437218e-03
   2.4943383e-04
  -5.7522868e-03
  -1.0089504e-02
  -1.2316216e-02
  -1.2432476e-02
  -1.0769699e-02
  -7.7881355e-03
  -3.8719695e-03
   7.8875538e-04
   6.1703666e-03
   1.2244409e-02
   1.8740777e-02
   2.4971371e-02
   2.9829892e-02
   3.2016554e-02
   3.0440070e-02
   2.4658101e-02
   1.5174575e-02
   3.4503955e-03
  -8.4072894e-03
  -1.8185072e-02
  -2.4153693e-02
  -2.5516242e-02
  -2.2575261e-02
  -1.6574789e-02
  -9.2814421e-03
  -2.4567343e-03
   2.5988428e-03
   5.2977421e-03
   5.7737005e-03
   4.6867744e-03
   2.9039047e-03
   1.1504145e-03
  -2.5518364e-04
  -1.4745403e-03
  -2.9853831e-03
  -5.2472750e-03
  -8.3615471e-03
  -1.1903042e-02
  -1.5015388e-02
  -1.6725893e-02
  -1.6330736e-02
  -1.3678805e-02
  -9.2396943e-03
  -3.9388180e-03
   1.1636812e-03
   5.2199080e-03
   7.8405290e-03
   9.1612067e-03
   9.7130979e-03
   1.0145691e-02
   1.0907240e-02
   1.2015215e-02
   1.3021370e-02
   1.3196280e-02
   1.1864960e-02
   8.7638454e-03
   4.2772894e-03
  -5.5762658e-04
  -4.3202431e-03
  -5.6902871e-03
  -3.9857679e-03
   4.5750726e-04
   6.2457509e-03
   1.1297205e-02
   1.3536142e-02
   1.1673521e-02
   5.7637191e-03
  -2.7109055e-03
  -1.1289704e-02
  -1.7360362e-02
  -1.9059037e-02
  -1.5923231e-02
  -9.0750088e-03
  -8.7385070e-04
   5.8519547e-03
   8.7513171e-03
   6.7618185e-03
   5.0062376e-04
  -7.9215893e-03
  -1.5615438e-02
  -1.9904656e-02
  -1.9232144e-02
  -1.3649532e-02
  -4.7195051e-03
   5.1143089e-03
   1.3426645e-02
   1.8612025e-02
   2.0279998e-02
   1.9135527e-02
   1.6469436e-02
   1.3528435e-02
   1.1033055e-02
   8.9986115e-03
   6.8709873e-03
   3.8812911e-03
  -5.2951519e-04
  -6.3742492e-03
  -1.3001719e-02
  -1.9256684e-02
  -2.3868326e-02
  -2.5913413e-02
  -2.5158417e-02
  -2.2134395e-02
  -1.7913322e-02
  -1.3677355e-02
  -1.0252397e-02
  -7.7867715e-03
  -5.6951980e-03
  -2.8872356e-03
   1.7969153e-03
   9.0803027e-03
   1.8830488e-02
   2.9875682e-02
   4.0156989e-02
   4.7224556e-02
   4.8959916e-02
   4.4296879e-02
   3.3674850e-02
   1.9026363e-02
   3.2649753e-03
  -1.0564043e-02
  -2.0169359e-02
  -2.4619206e-02
  -2.4464164e-02
  -2.1363909e-02
  -1.7387612e-02
  -1.4263384e-02
  -1.2849518e-02
  -1.2998361e-02
  -1.3822219e-02
  -1.4210315e-02
  -1.3353251e-02
  -1.1052295e-02
  -7.7176723e-03
  -4.1211430e-03
  -1.0671154e-03
   8.6478146e-04
   1.4402810e-03
   7.7446212e-04
  -7.2974726e-04
  -2.4748950e-03
  -3.7853263e-03
  -4.0429099e-03
  -2.8294488e-03
  -5.4166529e-05
   3.9627762e-03
   8.4885827e-03
   1.2493543e-02
   1.4890113e-02
   1.4851001e-02
   1.2117322e-02
   7.1885246e-03
   1.2996850e-03
  -3.8561498e-03
  -6.6179253e-03
  -5.9252381e-03
  -1.7708272e-03
   4.6589004e-03
   1.1271289e-02
   1.5744152e-02
   1.6376452e-02
   1.2783251e-02
   6.1239847e-03
  -1.2777988e-03
  -6.8039315e-03
  -8.5513593e-03
  -6.0603908e-03
  -4.6609155e-04
   5.9679900e-03
   1.0721604e-02
   1.1936913e-02
   9.0289879e-03
   2.7682372e-03
  -5.1660916e-03
  -1.2940795e-02
  -1.9278571e-02
  -2.3796777e-02
  -2.6840270e-02
  -2.8937474e-02
  -3.0203322e-02
  -3.0034648e-02
  -2.7284294e-02
  -2.0841186e-02
  -1.0320858e-02
   3.4887546e-03
   1.8646493e-02
   3.2527915e-02
   4.2540819e-02
   4.6817081e-02
   4.4664532e-02
   3.6674715e-02
   2.4501793e-02
   1.0422394e-02
  -3.1713182e-03
  -1.4216936e-02
  -2.1303140e-02
  -2.3859186e-02
  -2.2212436e-02
  -1.7490542e-02
  -1.1339118e-02
  -5.4743177e-03
  -1.1821171e-03
   1.0519821e-03
   1.6204588e-03
   1.5399171e-03
   1.9795020e-03
   3.7721433e-03
   7.0922133e-03
   1.1392289e-02
   1.5586923e-02
   1.8397440e-02
   1.8738597e-02
   1.6026070e-02
   1.0312558e-02
   2.2252029e-03
  -7.2394380e-03
  -1.6953080e-02
  -2.5831320e-02
  -3.2921700e-02
  -3.7446034e-02
  -3.8856574e-02
  -3.6928015e-02
  -3.1846884e-02
  -2.4224946e-02
  -1.4985178e-02
  -5.1358467e-03
   4.4854725e-03
   1.3392823e-02
   2.1480879e-02
   2.8885401e-02
   3.5725935e-02
   4.1837351e-02
   4.6621008e-02
   4.9117180e-02
   4.8313484e-02
   4.3587919e-02
   3.5093419e-02
   2.3880440e-02
   1.1653045e-02
   2.2781332e-04
  -9.0808101e-03
  -1.5880279e-02
  -2.0740344e-02
  -2.4832353e-02
  -2.9314142e-02
  -3.4717646e-02
  -4.0606863e-02
  -4.5671965e-02
  -4.8240260e-02
  -4.6990710e-02
  -4.1549132e-02
  -3.2678594e-02
  -2.1961451e-02
  -1.1122722e-02
  -1.3419237e-03
   7.0830141e-03
   1.4549762e-02
   2.1568820e-02
   2.8132987e-02
   3.3417779e-02
   3.6014685e-02
   3.4608337e-02
   2.8759235e-02
   1.9383351e-02
   8.6628775e-03
  -6.0853201e-04
  -5.9867447e-03
  -6.2532095e-03
  -1.8542162e-03
   5.2628604e-03
   1.2338418e-02
   1.6743042e-02
   1.6831425e-02
   1.2428079e-02
   4.8167209e-03
  -3.7243525e-03
  -1.0670304e-02
  -1.4047651e-02
  -1.3043412e-02
  -8.2344972e-03
  -1.3546537e-03
   5.3248042e-03
   9.7722406e-03
   1.0836188e-02
   8.5145023e-03
   3.7794812e-03
  -1.9244508e-03
  -7.2665194e-03
  -1.1450385e-02
  -1.4330618e-02
  -1.6236519e-02
  -1.7631310e-02
  -1.8779151e-02
  -1.9565226e-02
  -1.9538861e-02
  -1.8157474e-02
  -1.5123240e-02
  -1.0646847e-02
  -5.4806144e-03
  -6.6447564e-04
   2.9133825e-03
   4.9204596e-03
   5.7303601e-03
   6.2291463e-03
   7.3651654e-03
   9.6596967e-03
   1.2914960e-02
   1.6264284e-02
   1.8553386e-02
   1.8889161e-02
   1.7108221e-02
   1.3940623e-02
   1.0768665e-02
   9.0565362e-03
   9.6809951e-03
   1.2456070e-02
   1.6078157e-02
   1.8540982e-02
   1.7862364e-02
   1.2829710e-02
   3.4712298e-03
  -8.9161101e-03
  -2.2165412e-02
  -3.3880771e-02
  -4.2058424e-02
  -4.5477185e-02
  -4.3792796e-02
  -3.7418379e-02
  -2.7334919e-02
  -1.4928848e-02
  -1.8536896e-03
   1.0150299e-02
   1.9518335e-02
   2.5161591e-02
   2.6701999e-02
   2.4548859e-02
   1.9786192e-02
   1.3900007e-02
   8.4131509e-03
   4.5216216e-03
   2.8352727e-03
   3.2948229e-03
   5.2698359e-03
   7.7823710e-03
   9.7810996e-03
   1.0399355e-02
   9.1444732e-03
   5.9848413e-03
   1.3318555e-03
  -4.0576182e-03
  -9.2281150e-03
  -1.3207132e-02
  -1.5212550e-02
  -1.4853750e-02
  -1.2260574e-02
  -8.0719686e-03
  -3.2678476e-03
   1.0904285e-03
   4.0942731e-03
   5.1090791e-03
   3.7895141e-03
   7.7862993e-05
  -5.7303507e-03
  -1.2859986e-02
  -1.9978965e-02
  -2.5311452e-02
  -2.7011722e-02
  -2.3732916e-02
  -1.5197957e-02
  -2.5273846e-03
   1.1867862e-02
   2.4871877e-02
   3.3575743e-02
   3.6202890e-02
   3.2691354e-02
   2.4690967e-02
   1.4962970e-02
   6.4089134e-03
   1.1000604e-03
  -3.2943064e-04
   1.2826202e-03
   4.1346262e-03
   6.2673456e-03
   6.3217754e-03
   3.9551659e-03
  -2.0781366e-04
  -5.0048127e-03
  -9.3095862e-03
  -1.2478514e-02
  -1.4489299e-02
  -1.5752527e-02
  -1.6729008e-02
  -1.7564277e-02
  -1.7927174e-02
  -1.7130827e-02
  -1.4478989e-02
  -9.6784877e-03
  -3.1246029e-03
   4.0887839e-03
   1.0468327e-02
   1.4621981e-02
   1.5753251e-02
   1.3937287e-02
   1.0062990e-02
   5.4725849e-03
   1.4601520e-03
  -1.1561432e-03
  -2.2191501e-03
  -2.1232765e-03
  -1.4888189e-03
  -7.8794976e-04
  -1.0772588e-04
   8.2830965e-04
   2.3871814e-03
   4.6506437e-03
   7.1599596e-03
   8.9556756e-03
   8.9278327e-03
   6.3165511e-03
   1.1203517e-03
  -5.7780348e-03
  -1.2818957e-02
  -1.8215109e-02
  -2.0470910e-02
  -1.8799490e-02
  -1.3326238e-02
  -5.0519850e-03
   4.3845654e-03
   1.3075605e-02
   1.9270976e-02
   2.1786867e-02
   2.0307065e-02
   1.5482614e-02
   8.7711314e-03
   2.0373670e-03
  -2.9744158e-03
  -5.1346550e-03
  -4.2364249e-03
  -1.0241018e-03
   3.0646890e-03
   6.3662215e-03
   7.5210775e-03
   5.8879199e-03
   1.6911701e-03
  -4.1376246e-03
  -1.0325044e-02
  -1.5650372e-02
  -1.9226730e-02
  -2.0626895e-02
  -1.9889476e-02
  -1.7451115e-02
  -1.4019443e-02
  -1.0382090e-02
  -7.1662482e-03
  -4.6091285e-03
  -2.4383267e-03
   4.2653149e-05
   3.6353843e-03
   8.7825281e-03
   1.5158512e-02
   2.1546486e-02
   2.6141502e-02
   2.7224687e-02
   2.3943108e-02
   1.6825464e-02
   7.7467907e-03
  -6.9523791e-04
  -6.1433757e-03
  -7.3715714e-03
  -4.7338696e-03
  -3.5720358e-06
   4.3169605e-03
   5.9385460e-03
   3.6164579e-03
  -2.4360370e-03
  -1.0676856e-02
  -1.8806355e-02
  -2.4522800e-02
  -2.6184536e-02
  -2.3200036e-02
  -1.6099459e-02
  -6.3324013e-03
   4.1255460e-03
   1.3259295e-02
   1.9483256e-02
   2.1981355e-02
   2.0832521e-02
   1.6894330e-02
   1.1492727e-02
   6.0225997e-03
   1.5761621e-03
  -1.3090586e-03
  -2.7300528e-03
  -3.3165530e-03
  -3.9844803e-03
  -5.6184180e-03
  -8.7663905e-03
  -1.3413417e-02
  -1.8881226e-02
  -2.3895175e-02
  -2.6846087e-02
  -2.6222529e-02
  -2.1104620e-02
  -1.1549653e-02
   1.2843384e-03
   1.5340543e-02
   2.8138246e-02
   3.7378996e-02
   4.1508466e-02
   4.0080262e-02
   3.3828411e-02
   2.4433525e-02
   1.4045808e-02
   4.6930950e-03
  -2.2581675e-03
  -6.4222959e-03
  -8.3859427e-03
  -9.3747319e-03
  -1.0719631e-02
  -1.3318662e-02
  -1.7275742e-02
  -2.1823778e-02
  -2.5553200e-02
  -2.6888421e-02
  -2.4674206e-02
  -1.8670053e-02
  -9.7557163e-03
   2.4982184e-04
   9.1014140e-03
   1.4789272e-02
   1.6117403e-02
   1.3012559e-02
   6.4867496e-03
  -1.6985665e-03
  -9.5268266e-03
  -1.5214703e-02
  -1.7573500e-02
  -1.6195815e-02
  -1.1471057e-02
  -4.4467283e-03
   3.4437186e-03
   1.0742037e-02
   1.6334652e-02
   1.9727908e-02
   2.1135099e-02
   2.1323631e-02
   2.1248471e-02
   2.1596031e-02
   2.2430984e-02
   2.3119602e-02
   2.2586737e-02
   1.9805749e-02
   1.4306416e-02
   6.4718706e-03
  -2.5149564e-03
  -1.1062289e-02
  -1.7733479e-02
  -2.1739562e-02
  -2.3150190e-02
  -2.2746518e-02
  -2.1604080e-02
  -2.0606123e-02
  -2.0098339e-02
  -1.9810933e-02
  -1.9047700e-02
  -1.7039059e-02
  -1.3314534e-02
  -7.9684924e-03
  -1.7427533e-03
   4.0995242e-03
   8.0921288e-03
   9.0143949e-03
   6.3547019e-03
   6.3513327e-04
  -6.5437580e-03
  -1.2803904e-02
  -1.5593177e-02
  -1.2949705e-02
  -4.2198615e-03
   9.5072937e-03
   2.5458002e-02
   3.9806695e-02
   4.8751760e-02
   4.9693746e-02
   4.2092551e-02
   2.7679197e-02
   9.9376611e-03
  -6.9567953e-03
  -1.9371269e-02
  -2.5215999e-02
  -2.4416591e-02
  -1.8750776e-02
  -1.1141062e-02
  -4.6513679e-03
  -1.5163308e-03
  -2.5122715e-03
  -6.8549766e-03
  -1.2615790e-02
  -1.7460997e-02
  -1.9429397e-02
  -1.7506457e-02
  -1.1876758e-02
  -3.8444279e-03
   4.5395805e-03
   1.1078987e-02
   1.4144520e-02
   1.3296960e-02
   9.5701852e-03
   5.2188744e-03
   2.9210439e-03
   4.6784152e-03
   1.0846881e-02
   1.9733624e-02
   2.7992369e-02
   3.1726607e-02
   2.7917414e-02
   1.5645897e-02
  -3.3650451e-03
  -2.5124697e-02
  -4.4557113e-02
  -5.7073261e-02
  -5.9962547e-02
  -5.3110132e-02
  -3.8819263e-02
  -2.0870181e-02
  -3.2282953e-03
   1.1095100e-02
   2.0657297e-02
   2.5572582e-02
   2.7032926e-02
   2.6644780e-02
   2.5836969e-02
   2.5480940e-02
   2.5752156e-02
   2.6198084e-02
   2.5962832e-02
   2.4118547e-02
   2.0035270e-02
   1.3682139e-02
   5.7328937e-03
  -2.6039188e-03
  -9.9895475e-03
  -1.5422621e-02
  -1.8549450e-02
  -1.9679795e-02
  -1.9533938e-02
  -1.8878867e-02
  -1.8236186e-02
  -1.7768619e-02
  -1.7338988e-02
  -1.6658250e-02
  -1.5435295e-02
  -1.3489502e-02
  -1.0828963e-02
  -7.6922907e-03
  -4.5174682e-03
  -1.7951474e-03
   1.7737464e-04
   1.5333090e-03
   2.9081591e-03
   5.2397394e-03
   9.3274841e-03
   1.5336317e-02
   2.2506073e-02
   2.9258359e-02
   3.3698314e-02
   3.4300240e-02
   3.0472149e-02
   2.2765951e-02
   1.2681102e-02
   2.1868132e-03
  -6.8306689e-03
  -1.3022206e-02
  -1.5848112e-02
  -1.5653333e-02
  -1.3545848e-02
  -1.1081461e-02
  -9.7980020e-03
  -1.0716179e-02
  -1.3976849e-02
  -1.8759536e-02
  -2.3523786e-02
  -2.6491582e-02
  -2.6210483e-02
  -2.2023086e-02
  -1.4300486e-02
  -4.3603170e-03
   5.9165788e-03
   1.4648028e-02
   2.0493282e-02
   2.2987206e-02
   2.2565826e-02
   2.0301649e-02
   1.7464156e-02
   1.5072676e-02
   1.3600645e-02
   1.2918070e-02
   1.2453769e-02
   1.1476322e-02
   9.3695614e-03
   5.8127530e-03
   8.3781490e-04
  -5.2086458e-03
  -1.1745671e-02
  -1.8036291e-02
  -2.3248696e-02
  -2.6521117e-02
  -2.7077177e-02
  -2.4424847e-02
  -1.8604359e-02
  -1.0368979e-02
  -1.1606409e-03
   7.1864796e-03
   1.2955130e-02
   1.5096609e-02
   1.3611940e-02
   9.5958144e-03
   4.8974281e-03
   1.5021682e-03
   8.5506705e-04
   3.3762519e-03
   8.3397175e-03
   1.4134777e-02
   1.8784065e-02
   2.0526149e-02
   1.8298312e-02
   1.2024623e-02
   2.6663819e-03
  -7.9806310e-03
  -1.7716637e-02
  -2.4496429e-02
  -2.6947100e-02
  -2.4673786e-02
  -1.8267657e-02
  -9.0572852e-03
   1.2625631e-03
   1.0978658e-02
   1.8598162e-02
   2.2976553e-02
   2.3387133e-02
   1.9589977e-02
   1.1924739e-02
   1.3989801e-03
  -1.0309279e-02
  -2.1037185e-02
  -2.8562387e-02
  -3.1194562e-02
  -2.8327590e-02
  -2.0705114e-02
  -1.0248161e-02
   5.1890932e-04
   9.2336764e-03
   1.4369111e-02
   1.5585958e-02
   1.3677629e-02
   1.0177829e-02
   6.8018026e-03
   4.9130242e-03
   5.1680042e-03
   7.4177662e-03
   1.0851382e-02
   1.4283651e-02
   1.6462381e-02
   1.6318656e-02
   1.3159168e-02
   6.8310976e-03
  -2.1461445e-03
  -1.2547883e-02
  -2.2593370e-02
  -3.0305095e-02
  -3.4001928e-02
  -3.2761659e-02
  -2.6676675e-02
  -1.6804819e-02
  -4.8459719e-03
   7.3143221e-03
   1.8017898e-02
   2.6083881e-02
   3.0881783e-02
   3.2294333e-02
   3.0641734e-02
   2.6588741e-02
   2.1013526e-02
   1.4824145e-02
   8.7506061e-03
   3.1762334e-03
  -1.9251471e-03
  -6.9090658e-03
  -1.2249946e-02
  -1.8265840e-02
  -2.4876662e-02
  -3.1489159e-02
  -3.7059509e-02
  -4.0321648e-02
  -4.0110522e-02
  -3.5678180e-02
  -2.6911165e-02
  -1.4403311e-02
   6.1078482e-04
   1.6428799e-02
   3.1126199e-02
   4.2844953e-02
   5.0089952e-02
   5.1982016e-02
   4.8408686e-02
   4.0031560e-02
   2.8149795e-02
   1.4458144e-02
   7.5086403e-04
  -1.1383565e-02
  -2.0830855e-02
  -2.7121932e-02
  -3.0446236e-02
  -3.1485437e-02
  -3.1110377e-02
  -3.0038992e-02
  -2.8569813e-02
  -2.6483368e-02
  -2.3156588e-02
  -1.7869530e-02
  -1.0204329e-02
  -3.7457642e-04
   1.0669580e-02
   2.1421578e-02
   3.0212367e-02
   3.5655596e-02
   3.6978996e-02
   3.4148891e-02
   2.7791091e-02
   1.8984708e-02
   9.0284524e-03
  -7.5194169e-04
  -9.1464549e-03
  -1.5187700e-02
  -1.8285818e-02
  -1.8342914e-02
  -1.5777334e-02
  -1.1402896e-02
  -6.1757732e-03
  -8.9956624e-04
   3.9802044e-03
   8.3856651e-03
   1.2402504e-02
   1.5960617e-02
   1.8578494e-02
   1.9341648e-02
   1.7182421e-02
   1.1380554e-02
   2.0785262e-03
  -9.4430032e-03
  -2.0922443e-02
  -2.9728181e-02
  -3.3726249e-02
  -3.2058626e-02
  -2.5497967e-02
  -1.6219244e-02
  -7.0748337e-03
  -6.5448019e-04
   1.5261330e-03
  -5.5792960e-04
  -5.5215584e-03
  -1.1078959e-02
  -1.4793829e-02
  -1.4833768e-02
  -1.0503003e-02
  -2.3913464e-03
   7.9012369e-03
   1.8345343e-02
   2.7121551e-02
   3.3062379e-02
   3.5767924e-02
   3.5445738e-02
   3.2636420e-02
   2.7977644e-02
   2.2074712e-02
   1.5462655e-02
   8.6091973e-03
   1.9198757e-03
  -4.2613414e-03
  -9.6422465e-03
  -1.3957903e-02
  -1.6953275e-02
  -1.8410395e-02
  -1.8234924e-02
  -1.6564172e-02
  -1.3820694e-02
  -1.0654816e-02
  -7.7862468e-03
  -5.8125165e-03
  -5.0577479e-03
  -5.5024364e-03
  -6.8026182e-03
  -8.3894294e-03
  -9.6256749e-03
  -9.9795857e-03
  -9.1671929e-03
  -7.2198678e-03
  -4.4511899e-03
  -1.3278969e-03
   1.7092611e-03
   4.3956121e-03
   6.6874153e-03
   8.6770133e-03
   1.0430529e-02
   1.1852962e-02
   1.2674803e-02
   1.2581273e-02
   1.1414400e-02
   9.3283229e-03
   6.8019172e-03
   4.4918944e-03
   2.9898497e-03
   2.5827776e-03
   3.1047412e-03
   3.9327773e-03
   4.1416972e-03
   2.7922610e-03
  -7.1585378e-04
  -6.3338610e-03
  -1.3220309e-02
  -1.9856955e-02
  -2.4430614e-02
  -2.5375309e-02
  -2.1886797e-02
  -1.4217037e-02
  -3.6380393e-03
   7.9051541e-03
   1.8315821e-02
   2.5853798e-02
   2.9473911e-02
   2.8923395e-02
   2.4621451e-02
   1.7413692e-02
   8.3231114e-03
  -1.6016769e-03
  -1.1309552e-02
  -1.9699287e-02
  -2.5616089e-02
  -2.7989432e-02
  -2.6120718e-02
  -2.0020099e-02
  -1.0624696e-02
   2.5519635e-04
   1.0317549e-02
   1.7389307e-02
   2.0075086e-02
   1.8186652e-02
   1.2780893e-02
   5.7867066e-03
  -6.3895209e-04
  -4.7905481e-03
  -5.8979008e-03
  -4.2702679e-03
  -1.0807364e-03
   2.1097762e-03
   3.9097334e-03
   3.5412007e-03
   1.0337301e-03
  -2.8638813e-03
  -6.9814768e-03
  -1.0108482e-02
  -1.1338425e-02
  -1.0295830e-02
  -7.2019752e-03
  -2.7719280e-03
   2.0184136e-03
   6.2107451e-03
   9.0931584e-03
   1.0323839e-02
   9.9522000e-03
   8.3690521e-03
   6.2044788e-03
   4.1690992e-03
   2.8436739e-03
   2.4694222e-03
   2.8320094e-03
   3.3141728e-03
   3.1144923e-03
   1.5447987e-03
  -1.7172075e-03
  -6.5097148e-03
  -1.2216414e-02
  -1.7897416e-02
  -2.2469126e-02
  -2.4907733e-02
  -2.4460249e-02
  -2.0824286e-02
  -1.4238090e-02
  -5.4413117e-03
   4.4812124e-03
   1.4313269e-02
   2.2907907e-02
   2.9330830e-02
   3.2942494e-02
   3.3439505e-02
   3.0875972e-02
   2.5669964e-02
   1.8580031e-02
   1.0623915e-02
   2.9212254e-03
  -3.5230060e-03
  -8.0365821e-03
  -1.0424753e-02
  -1.0984256e-02
  -1.0380443e-02
  -9.4397657e-03
  -8.9394543e-03
  -9.4535216e-03
  -1.1259303e-02
  -1.4272744e-02
  -1.7997812e-02
  -2.1529806e-02
  -2.3689178e-02
  -2.3330892e-02
  -1.9772970e-02
  -1.3178337e-02
  -4.6884662e-03
   3.8171110e-03
   1.0304123e-02
   1.3309055e-02
   1.2505985e-02
   8.8509756e-03
   4.2213792e-03
   7.0489207e-04
  -1.4883429e-04
   2.1912885e-03
   7.1789880e-03
   1.3510123e-02
   1.9632635e-02
   2.4218499e-02
   2.6433919e-02
   2.5973139e-02
   2.2939990e-02
   1.7702981e-02
   1.0803933e-02
   2.9164045e-03
  -5.2023952e-03
  -1.2805276e-02
  -1.9270468e-02
  -2.4172526e-02
  -2.7263750e-02
  -2.8385355e-02
  -2.7378992e-02
  -2.4072831e-02
  -1.8377619e-02
  -1.0470304e-02
  -9.8715445e-04
   8.8832640e-03
   1.7502670e-02
   2.3112082e-02
   2.4325535e-02
   2.0641259e-02
   1.2777851e-02
   2.6652098e-03
  -6.9800555e-03
  -1.3412624e-02
  -1.4722054e-02
  -1.0500847e-02
  -2.0569365e-03
   7.9383735e-03
   1.6271593e-02
   2.0208287e-02
   1.8369366e-02
   1.1163037e-02
   6.2393302e-04
  -1.0281829e-02
  -1.8637353e-02
  -2.2493679e-02
  -2.1407266e-02
  -1.6424192e-02
  -9.5543047e-03
  -2.9769902e-03
   1.6898224e-03
   3.7893610e-03
   3.6057585e-03
   2.0309449e-03
   1.3503352e-04
  -1.1672819e-03
  -1.2807306e-03
   3.1038281e-05
   2.6460377e-03
   6.0851443e-03
   9.5450537e-03
   1.2024980e-02
   1.2574367e-02
   1.0612213e-02
   6.2025145e-03
   1.6035568e-04
  -6.0818430e-03
  -1.0828287e-02
  -1.2593653e-02
  -1.0554367e-02
  -4.8383809e-03
   3.4420100e-03
   1.2437571e-02
   2.0028804e-02
   2.4377936e-02
   2.4398777e-02
   2.0002137e-02
   1.2050961e-02
   2.0572001e-03
  -8.2620349e-03
  -1.7408533e-02
  -2.4369888e-02
  -2.8676540e-02
  -3.0293363e-02
  -2.9440254e-02
  -2.6425258e-02
  -2.1535790e-02
  -1.5002016e-02
  -7.0289263e-03
   2.1158760e-03
   1.1980876e-02
   2.1816089e-02
   3.0528116e-02
   3.6768969e-02
   3.9180174e-02
   3.6742698e-02
   2.9128681e-02
   1.6940155e-02
   1.7447640e-03
  -1.4135743e-02
  -2.8063589e-02
  -3.7654145e-02
  -4.1324784e-02
  -3.8662019e-02
  -3.0489414e-02
  -1.8609448e-02
  -5.3076516e-03
   7.2023659e-03
   1.7204997e-02
   2.3673348e-02
   2.6235337e-02
   2.5010780e-02
   2.0439339e-02
   1.3188756e-02
   4.1647851e-03
  -5.4318876e-03
  -1.4103986e-02
  -2.0207190e-02
  -2.2281880e-02
  -1.9493241e-02
  -1.2011994e-02
  -1.1500642e-03
   1.0852890e-02
   2.1359019e-02
   2.8022935e-02
   2.9426905e-02
   2.5456331e-02
   1.7291918e-02
   7.0194871e-03
  -3.0136306e-03
  -1.0879067e-02
  -1.5554064e-02
  -1.7055716e-02
  -1.6203648e-02
  -1.4141162e-02
  -1.1830562e-02
  -9.7235580e-03
  -7.7149581e-03
  -5.3674871e-03
  -2.2867135e-03
   1.5418747e-03
   5.6312564e-03
   9.1567974e-03
   1.1313419e-02
   1.1660232e-02
   1.0264699e-02
   7.5898181e-03
   4.2160999e-03
   5.6702812e-04
  -3.2156706e-03
  -7.1965021e-03
  -1.1432177e-02
  -1.5747275e-02
  -1.9619358e-02
  -2.2231333e-02
  -2.2678270e-02
  -2.0264223e-02
  -1.4794966e-02
  -6.7645920e-03
   2.6449950e-03
   1.1781221e-02
   1.8916281e-02
   2.2719408e-02
   2.2666352e-02
   1.9248132e-02
   1.3884688e-02
   8.5268590e-03
   5.0329905e-03
   4.5126243e-03
   6.8884267e-03
   1.0882332e-02
   1.4474238e-02
   1.5676614e-02
   1.3322705e-02
   7.5572128e-03
  -1.5656939e-04
  -7.5119076e-03
  -1.2145989e-02
  -1.2468019e-02
  -8.2440502e-03
  -7.3585580e-04
   7.6554401e-03
   1.4119139e-02
   1.6292465e-02
   1.2965456e-02
   4.4124147e-03
  -7.7404768e-03
  -2.1041705e-02
  -3.2931091e-02
  -4.1390572e-02
  -4.5328200e-02
  -4.4623175e-02
  -3.9893223e-02
  -3.2129431e-02
  -2.2357155e-02
  -1.1431726e-02
   3.9829203e-06
