   5.2923245e-02
   5.4787691e-02
   5.5443555e-02
   5.4824821e-02
   5.2893961e-02
   4.9643872e-02
   4.5099140e-02
   3.9316572e-02
   3.2384949e-02
   2.4424003e-02
   1.5582604e-02
   6.0361778e-03
  -4.0166070e-03
  -1.4357820e-02
  -2.4754853e-02
  -3.4965505e-02
  -4.4743476e-02
  -5.3844129e-02
  -6.2030417e-02
  -6.9078807e-02
  -7.4785088e-02
  -7.8969897e-02
  -8.1483828e-02
  -8.2211995e-02
  -8.1077904e-02
  -7.8046540e-02
  -7.3126547e-02
  -6.6371431e-02
  -5.7879732e-02
  -4.7794109e-02
  -3.6299338e-02
  -2.3619237e-02
  -1.0012549e-02
   4.2321399e-03
   1.8802362e-02
   3.3368493e-02
   4.7591095e-02
   6.1128722e-02
   7.3646017e-02
   8.4821902e-02
   9.4357680e-02
   1.0198483e-01
   1.0747229e-01
   1.1063312e-01
   1.1133018e-01
   1.0948086e-01
   1.0506057e-01
   9.8104985e-02
   8.8710807e-02
   7.7035129e-02
   6.3293296e-02
   4.7755282e-02
   3.0740650e-02
   1.2612160e-02
  -6.2318441e-03
  -2.5366120e-02
  -4.4348092e-02
  -6.2728096e-02
  -8.0060051e-02
  -9.5912326e-02
  -1.0987851e-01
  -1.2158786e-01
  -1.3071510e-01
  -1.3698934e-01
  -1.4020192e-01
  -1.4021288e-01
  -1.3695586e-01
  -1.3044137e-01
  -1.2075820e-01
  -1.0807294e-01
  -9.2627590e-02
  -7.4735225e-02
  -5.4773866e-02
  -3.3178575e-02
  -1.0431989e-02
   1.2946501e-02
   3.6412719e-02
   5.9410503e-02
   8.1385068e-02
   1.0179658e-01
   1.2013360e-01
   1.3592615e-01
   1.4875785e-01
   1.5827708e-01
   1.6420668e-01
   1.6635191e-01
   1.6460661e-01
   1.5895715e-01
   1.4948424e-01
   1.3636234e-01
   1.1985679e-01
   1.0031858e-01
   7.8176985e-02
   5.3930033e-02
   2.8133235e-02
   1.3866561e-03
  -2.5679282e-02
  -5.2418939e-02
  -7.8187172e-02
  -1.0235524e-01
  -1.2432650e-01
  -1.4355146e-01
  -1.5954185e-01
  -1.7188335e-01
  -1.8024653e-01
  -1.8439584e-01
  -1.8419636e-01
  -1.7961802e-01
  -1.7073730e-01
  -1.5773630e-01
  -1.4089902e-01
  -1.2060525e-01
  -9.7321832e-02
  -7.1591791e-02
  -4.4021397e-02
  -1.5265592e-02
   1.3987929e-02
   4.3035552e-02
   7.1175088e-02
   9.7723183e-02
   1.2203235e-01
   1.4350719e-01
   1.6161940e-01
   1.7592111e-01
   1.8605633e-01
   1.9177009e-01
   1.9291507e-01
   1.8945552e-01
   1.8146848e-01
   1.6914204e-01
   1.5277091e-01
   1.3274922e-01
   1.0956083e-01
   8.3767419e-02
   5.5994511e-02
   2.6915969e-02
  -2.7627849e-03
  -3.2322312e-02
  -6.1047062e-02
  -8.8243159e-02
  -1.1325562e-01
  -1.3548457e-01
  -1.5440003e-01
  -1.6955495e-01
  -1.8059604e-01
  -1.8727228e-01
  -1.8944081e-01
  -1.8707004e-01
  -1.8023996e-01
  -1.6913963e-01
  -1.5406196e-01
  -1.3539584e-01
  -1.1361594e-01
  -8.9270364e-02
  -6.2966570e-02
  -3.5355824e-02
  -7.1166968e-03
   2.1062029e-02
   4.8498586e-02
   7.4535136e-02
   9.8553943e-02
   1.1999240e-01
   1.3835652e-01
   1.5323261e-01
   1.6429674e-01
   1.7132194e-01
   1.7418275e-01
   1.7285734e-01
   1.6742679e-01
   1.5807192e-01
   1.4506761e-01
   1.2877474e-01
   1.0963016e-01
   8.8134829e-02
   6.4840447e-02
   4.0335056e-02
   1.5227886e-02
  -9.8661113e-03
  -3.4341647e-02
  -5.7618001e-02
  -7.9153077e-02
  -9.8456266e-02
  -1.1509979e-01
  -1.2872830e-01
  -1.3906641e-01
  -1.4592417e-01
  -1.4920026e-01
  -1.4888280e-01
  -1.4504803e-01
  -1.3785667e-01
  -1.2754829e-01
  -1.1443373e-01
  -9.8885977e-02
  -8.1329545e-02
  -6.2228854e-02
  -4.2075826e-02
  -2.1377052e-02
  -6.4088923e-04
   1.9635207e-02
   3.8976767e-02
   5.6943540e-02
   7.3139575e-02
   8.7221951e-02
   9.8907933e-02
   1.0798044e-01
   1.1429171e-01
   1.1776507e-01
   1.1839498e-01
   1.1624511e-01
   1.1144487e-01
   1.0418429e-01
   9.4707545e-02
   8.3305280e-02
   7.0306023e-02
   5.6066860e-02
   4.0963701e-02
   2.5381364e-02
   9.7037533e-03
  -5.6956213e-03
  -2.0462548e-02
  -3.4270229e-02
  -4.6826423e-02
  -5.7879464e-02
  -6.7223036e-02
  -7.4699629e-02
  -8.0202621e-02
  -8.3677001e-02
  -8.5118741e-02
  -8.4572901e-02
  -8.2130557e-02
  -7.7924682e-02
  -7.2125119e-02
  -6.4932825e-02
  -5.6573561e-02
  -4.7291216e-02
  -3.7340955e-02
  -2.6982383e-02
  -1.6472895e-02
  -6.0613981e-03
   4.0174692e-03
   1.3548472e-02
   2.2340165e-02
   3.0228458e-02
   3.7079283e-02
   4.2790364e-02
   4.7292061e-02
   5.0547321e-02
   5.2550785e-02
   5.3327122e-02
   5.2928657e-02
   5.1432417e-02
   4.8936700e-02
   4.5557274e-02
   4.1423356e-02
   3.6673472e-02
   3.1451332e-02
   2.5901833e-02
   2.0167289e-02
   1.4383990e-02
   8.6791567e-03
   3.1683597e-03
  -2.0465502e-03
  -6.8789812e-03
  -1.1258593e-02
  -1.5131751e-02
  -1.8461470e-02
  -2.1226878e-02
  -2.3422249e-02
  -2.5055681e-02
  -2.6147461e-02
  -2.6728210e-02
  -2.6836883e-02
  -2.6518686e-02
  -2.5822999e-02
  -2.4801369e-02
  -2.3505638e-02
  -2.1986250e-02
  -2.0290804e-02
  -1.8462863e-02
  -1.6541066e-02
  -1.4558530e-02
  -1.2542568e-02
  -1.0514689e-02
  -8.4908801e-03
  -6.4821199e-03
  -4.4951073e-03
  -2.5331465e-03
  -5.9714777e-04
   1.3133076e-03
   3.1988890e-03
   5.0594744e-03
   6.8931920e-03
   8.6955867e-03
   1.0458950e-02
   1.2171842e-02
   1.3818829e-02
   1.5380444e-02
   1.6833393e-02
   1.8150974e-02
   1.9303725e-02
   2.0260264e-02
   2.0988298e-02
   2.1455763e-02
   2.1632062e-02
   2.1489356e-02
   2.1003851e-02
   2.0157057e-02
   1.8936945e-02
   1.7338984e-02
   1.5366996e-02
   1.3033809e-02
   1.0361663e-02
   7.3823593e-03
   4.1371288e-03
   6.7621026e-04
  -2.9418529e-03
  -6.6511953e-03
  -1.0379871e-02
  -1.4051326e-02
  -1.7586078e-02
  -2.0903545e-02
  -2.3924004e-02
  -2.6570605e-02
  -2.8771401e-02
  -3.0461341e-02
  -3.1584166e-02
  -3.2094152e-02
  -3.1957662e-02
  -3.1154443e-02
  -2.9678643e-02
  -2.7539502e-02
  -2.4761690e-02
  -2.1385284e-02
  -1.7465354e-02
  -1.3071179e-02
  -8.2850845e-03
  -3.2009287e-03
   2.0777394e-03
   7.4398102e-03
   1.2768991e-02
   1.7946378e-02
   2.2853163e-02
   2.7373421e-02
   3.1396900e-02
   3.4821756e-02
   3.7557165e-02
   3.9525739e-02
   4.0665688e-02
   4.0932671e-02
   4.0301280e-02
   3.8766106e-02
   3.6342373e-02
   3.3066082e-02
   2.8993678e-02
   2.4201215e-02
   1.8783044e-02
   1.2850029e-02
   6.5273240e-03
  -4.8229519e-05
  -6.7310595e-03
  -1.3370089e-02
  -1.9812173e-02
  -2.5905659e-02
  -3.1504005e-02
  -3.6469346e-02
  -4.0675942e-02
  -4.4013418e-02
  -4.6389694e-02
  -4.7733560e-02
  -4.7996794e-02
  -4.7155779e-02
  -4.5212560e-02
  -4.2195309e-02
  -3.8158165e-02
  -3.3180441e-02
  -2.7365209e-02
  -2.0837274e-02
  -1.3740579e-02
  -6.2350875e-03
   1.5067894e-03
   9.3041396e-03
   1.6971790e-02
   2.4324734e-02
   3.1182645e-02
   3.7374361e-02
   4.2742237e-02
   4.7146245e-02
   5.0467714e-02
   5.2612618e-02
   5.3514310e-02
   5.3135626e-02
   5.1470293e-02
   4.8543592e-02
   4.4412240e-02
   3.9163482e-02
   3.2913401e-02
   2.5804468e-02
   1.8002386e-02
   9.6922894e-03
   1.0743869e-03
  -7.6408541e-03
  -1.6237864e-02
  -2.4501346e-02
  -3.2221727e-02
  -3.9200563e-02
  -4.5255733e-02
  -5.0226308e-02
  -5.3976947e-02
  -5.6401706e-02
  -5.7427143e-02
  -5.7014638e-02
  -5.5161840e-02
  -5.1903195e-02
  -4.7309538e-02
  -4.1486712e-02
  -3.4573275e-02
  -2.6737309e-02
  -1.8172415e-02
  -9.0929846e-03
   2.7113830e-04
   9.6804735e-03
   1.8892053e-02
   2.7665741e-02
   3.5770565e-02
   4.2990880e-02
   4.9132210e-02
   5.4026604e-02
   5.7537347e-02
   5.9562906e-02
   6.0039982e-02
   5.8945581e-02
   5.6298038e-02
   5.2156941e-02
   4.6621956e-02
   3.9830565e-02
   3.1954761e-02
   2.3196783e-02
   1.3783988e-02
   3.9629972e-03
  -6.0067454e-03
  -1.5859824e-02
  -2.5331936e-02
  -3.4167016e-02
  -4.2124218e-02
  -4.8984541e-02
  -5.4556940e-02
  -5.8683727e-02
  -6.1245131e-02
  -6.2162851e-02
  -6.1402533e-02
  -5.8975056e-02
  -5.4936606e-02
  -4.9387509e-02
  -4.2469852e-02
  -3.4363934e-02
  -2.5283647e-02
  -1.5470894e-02
  -5.1891911e-03
   5.2833738e-03
   1.5661645e-02
   2.5661155e-02
   3.5005930e-02
   4.3436117e-02
   5.0715236e-02
   5.6636841e-02
   6.1030407e-02
   6.3766271e-02
   6.4759490e-02
   6.3972484e-02
   6.1416404e-02
   5.7151155e-02
   5.1284079e-02
   4.3967315e-02
   3.5393905e-02
   2.5792741e-02
   1.5422484e-02
   4.5646226e-03
  -6.4841496e-03
  -1.7420029e-02
  -2.7940444e-02
  -3.7752422e-02
  -4.6580736e-02
  -5.4175624e-02
  -6.0319841e-02
  -6.4834857e-02
  -6.7586030e-02
  -6.8486580e-02
  -6.7500273e-02
  -6.4642720e-02
  -5.9981242e-02
  -5.3633312e-02
  -4.5763593e-02
  -3.6579659e-02
  -2.6326500e-02
  -1.5279971e-02
  -3.7393468e-03
   7.9808103e-03
   1.9559240e-02
   3.0676808e-02
   4.1025308e-02
   5.0316008e-02
   5.8287699e-02
   6.4714019e-02
   6.9409847e-02
   7.2236588e-02
   7.3106201e-02
   7.1983848e-02
   6.8889085e-02
   6.3895561e-02
   5.7129233e-02
   4.8765126e-02
   3.9022735e-02
   2.8160190e-02
   1.6467342e-02
   4.2579446e-03
  -8.1388326e-03
  -2.0387347e-02
  -3.2154625e-02
  -4.3119465e-02
  -5.2981229e-02
  -6.1468105e-02
  -6.8344597e-02
  -7.3418038e-02
  -7.6543949e-02
  -7.7630095e-02
  -7.6639114e-02
  -7.3589671e-02
  -6.8556067e-02
  -6.1666349e-02
  -5.3098946e-02
  -4.3077931e-02
  -3.1867042e-02
  -1.9762616e-02
  -7.0856290e-03
   5.8269255e-03
   1.8631110e-02
   3.0985300e-02
   4.2559382e-02
   5.3043644e-02
   6.2157108e-02
   6.9655091e-02
   7.5335779e-02
   7.9045645e-02
   8.0683559e-02
   8.0203486e-02
   7.7615698e-02
   7.2986471e-02
   6.6436277e-02
   5.8136527e-02
   4.8304946e-02
   3.7199724e-02
   2.5112584e-02
   1.2360979e-02
  -7.2039136e-04
  -1.3788501e-02
  -2.6501114e-02
  -3.8525860e-02
  -4.9549016e-02
  -5.9283764e-02
  -6.7477710e-02
  -7.3919458e-02
  -7.8444068e-02
  -8.0937264e-02
  -8.1338283e-02
  -7.9641282e-02
  -7.5895296e-02
  -7.0202734e-02
  -6.2716475e-02
  -5.3635639e-02
  -4.3200161e-02
  -3.1684308e-02
  -1.9389335e-02
  -6.6354568e-03
   6.2466232e-03
   1.8924420e-02
   3.1072365e-02
   4.2380268e-02
   5.2561327e-02
   6.1359464e-02
   6.8555816e-02
   7.3974197e-02
   7.7485407e-02
   7.9010283e-02
   7.8521412e-02
   7.6043482e-02
   7.1652267e-02
   6.5472285e-02
   5.7673202e-02
   4.8465087e-02
   3.8092657e-02
   2.6828657e-02
   1.4966579e-02
   2.8128990e-03
  -9.3209577e-03
  -2.1126698e-02
  -3.2307096e-02
  -4.2583555e-02
  -5.1703125e-02
  -5.9444776e-02
  -6.5624784e-02
  -7.0101103e-02
  -7.2776594e-02
  -7.3601079e-02
  -7.2572134e-02
  -6.9734660e-02
  -6.5179211e-02
  -5.9039177e-02
  -5.1486880e-02
  -4.2728711e-02
  -3.2999439e-02
  -2.2555857e-02
  -1.1669929e-02
  -6.2162924e-04
   1.0308340e-02
   2.0845760e-02
   3.0729851e-02
   3.9719791e-02
   4.7600640e-02
   5.4188519e-02
   5.9334915e-02
   6.2930021e-02
   6.4905031e-02
   6.5233339e-02
   6.3930639e-02
   6.1053926e-02
   5.6699440e-02
   5.0999629e-02
   4.4119218e-02
   3.6250488e-02
   2.7607928e-02
   1.8422370e-02
   8.9347995e-03
  -6.1000955e-04
  -9.9698651e-03
  -1.8911361e-02
  -2.7215761e-02
  -3.4684406e-02
  -4.1143524e-02
  -4.6448303e-02
  -5.0486160e-02
  -5.3179104e-02
  -5.4485166e-02
  -5.4398856e-02
  -5.2950665e-02
  -5.0205627e-02
  -4.6260999e-02
  -4.1243133e-02
  -3.5303634e-02
  -2.8614916e-02
  -2.1365289e-02
  -1.3753704e-02
  -5.9843099e-03
   1.7390309e-03
   9.2181286e-03
   1.6265600e-02
   2.2709628e-02
   2.8398211e-02
   3.3202818e-02
   3.7021332e-02
   3.9780238e-02
   4.1435994e-02
   4.1975565e-02
   4.1416121e-02
   3.9803913e-02
   3.7212383e-02
   3.3739555e-02
   2.9504807e-02
   2.4645109e-02
   1.9310852e-02
   1.3661373e-02
   7.8603235e-03
   2.0710029e-03
  -3.5482140e-03
  -8.8482207e-03
  -1.3693181e-02
  -1.7964078e-02
  -2.1561720e-02
  -2.4409118e-02
  -2.6453186e-02
  -2.7665715e-02
  -2.8043611e-02
  -2.7608396e-02
  -2.6404992e-02
  -2.4499844e-02
  -2.1978434e-02
  -1.8942274e-02
  -1.5505467e-02
  -1.1790953e-02
  -7.9265343e-03
  -4.0408307e-03
  -2.5925779e-04
   3.2998321e-03
   6.5287400e-03
   9.3336327e-03
   1.1637283e-02
   1.3381256e-02
   1.4527486e-02
   1.5059183e-02
   1.4981067e-02
   1.4318904e-02
   1.3118380e-02
   1.1443330e-02
   9.3734071e-03
   7.0012311e-03
   4.4291391e-03
   1.7656189e-03
  -8.7845184e-04
  -3.3936451e-03
  -5.6757788e-03
  -7.6295483e-03
  -9.1718767e-03
  -1.0234876e-02
  -1.0768322e-02
  -1.0741559e-02
  -1.0144769e-02
  -8.9895627e-03
  -7.3088601e-03
  -5.1560603e-03
  -2.6035197e-03
   2.5962307e-04
   3.3302148e-03
   6.4943669e-03
   9.6311501e-03
   1.2616591e-02
   1.5327853e-02
   1.7647461e-02
   1.9467453e-02
   2.0693308e-02
   2.1247531e-02
   2.1072771e-02
   2.0134368e-02
   1.8422232e-02
   1.5951976e-02
   1.2765270e-02
   8.9293538e-03
   4.5357435e-03
  -3.0188326e-04
  -5.4505525e-03
  -1.0761552e-02
  -1.6074583e-02
  -2.1222402e-02
  -2.6035806e-02
  -3.0348839e-02
  -3.4004042e-02
  -3.6857617e-02
  -3.8784312e-02
  -3.9681904e-02
  -3.9475108e-02
  -3.8118803e-02
  -3.5600434e-02
  -3.1941521e-02
  -2.7198185e-02
  -2.1460673e-02
  -1.4851840e-02
  -7.5246275e-03
   3.4141407e-04
   8.5444996e-03
   1.6865756e-02
   2.5075024e-02
   3.2937149e-02
   4.0218612e-02
   4.6694289e-02
   5.2154172e-02
   5.6409832e-02
   5.9300456e-02
   6.0698250e-02
   6.0513047e-02
   5.8695974e-02
   5.5242034e-02
   5.0191519e-02
   4.3630168e-02
   3.5688052e-02
   2.6537177e-02
   1.6387842e-02
   5.4838303e-03
  -5.9034588e-03
  -1.7481797e-02
  -2.8945665e-02
  -3.9984340e-02
  -5.0290324e-02
  -5.9567886e-02
  -6.7541469e-02
  -7.3963737e-02
  -7.8623026e-02
  -8.1349973e-02
  -8.2023128e-02
  -8.0573367e-02
  -7.6986963e-02
  -7.1307200e-02
  -6.3634453e-02
  -5.4124709e-02
  -4.2986536e-02
  -3.0476551e-02
  -1.6893486e-02
  -2.5709900e-03
   1.2130660e-02
   2.6833729e-02
   4.1152840e-02
   5.4705181e-02
   6.7120824e-02
   7.8052884e-02
   8.7187225e-02
   9.4251455e-02
   9.9022941e-02
   1.0133562e-01
   1.0108537e-01
   9.8233859e-02
   9.2810604e-02
   8.4913292e-02
   7.4706254e-02
   6.2417122e-02
   4.8331747e-02
   3.2787469e-02
   1.6164924e-02
  -1.1214333e-03
  -1.8633836e-02
  -3.5922473e-02
  -5.2537232e-02
  -6.8039599e-02
  -8.2014388e-02
  -9.4081006e-02
  -1.0390391e-01
  -1.1120202e-01
  -1.1575673e-01
  -1.1741841e-01
  -1.1611107e-01
  -1.1183523e-01
  -1.0466861e-01
  -9.4764968e-02
  -8.2350747e-02
  -6.7719870e-02
  -5.1226637e-02
  -3.3276978e-02
  -1.4318262e-02
   5.1720846e-03
   2.4698840e-02
   4.3761820e-02
   6.1868943e-02
   7.8549166e-02
   9.3364964e-02
   1.0592401e-01
   1.1588971e-01
   1.2299037e-01
   1.2702671e-01
   1.2787743e-01
   1.2550283e-01
   1.1994630e-01
   1.1133355e-01
   9.9869740e-02
   8.5834483e-02
   6.9574853e-02
   5.1496603e-02
   3.2053807e-02
   1.1737198e-02
  -8.9384988e-03
  -2.9447889e-02
  -4.9268554e-02
  -6.7894637e-02
  -8.4850030e-02
  -9.9700790e-02
  -1.1206647e-01
  -1.2163008e-01
  -1.2814631e-01
  -1.3144800e-01
  -1.3145048e-01
  -1.2815372e-01
  -1.2164237e-01
  -1.1208346e-01
  -9.9722045e-02
  -8.4874722e-02
  -6.7921353e-02
  -4.9295111e-02
  -2.9471154e-02
  -8.9542302e-03
   1.1734462e-02
   3.2070808e-02
   5.1541346e-02
   6.9656510e-02
   8.5963205e-02
   1.0005637e-01
   1.1158927e-01
   1.2028214e-01
   1.2592916e-01
   1.2840335e-01
   1.2765944e-01
   1.2373458e-01
   1.1674689e-01
   1.0689192e-01
   9.4437079e-02
   7.9714283e-02
   6.3110908e-02
   4.5059408e-02
   2.6025820e-02
   6.4974836e-03
  -1.3029695e-02
  -3.2064091e-02
  -5.0130991e-02
  -6.6784667e-02
  -8.1619581e-02
  -9.4280444e-02
  -1.0447086e-01
  -1.1196034e-01
  -1.1658956e-01
  -1.1827368e-01
  -1.1700369e-01
  -1.1284577e-01
  -1.0593874e-01
  -9.6489573e-02
  -8.4767254e-02
  -7.1095078e-02
  -5.5841640e-02
  -3.9410756e-02
  -2.2230611e-02
  -4.7424213e-03
   1.2611090e-02
   2.9397084e-02
   4.5203580e-02
   5.9649721e-02
   7.2395072e-02
   8.3147730e-02
   9.1671037e-02
   9.7788755e-02
   1.0138858e-01
   1.0242393e-01
   1.0091404e-01
   9.6942235e-02
   9.0652722e-02
   8.2245721e-02
   7.1971307e-02
   6.0122045e-02
   4.7024666e-02
   3.3031018e-02
   1.8508536e-02
   3.8305050e-03
  -1.0633633e-02
  -2.4527676e-02
  -3.7517510e-02
  -4.9299199e-02
  -5.9606116e-02
  -6.8214938e-02
  -7.4950395e-02
  -7.9688648e-02
  -8.2359261e-02
  -8.2945735e-02
  -8.1484624e-02
  -7.8063301e-02
  -7.2816448e-02
  -6.5921409e-02
  -5.7592549e-02
  -4.8074795e-02
  -3.7636551e-02
  -2.6562186e-02
  -1.5144315e-02
  -3.6760687e-03
   7.5564364e-03
   1.8281229e-02
   2.8247051e-02
   3.7229190e-02
   4.5034454e-02
   5.1505179e-02
   5.6522188e-02
   6.0006660e-02
   6.1920883e-02
   6.2267922e-02
   6.1090228e-02
   5.8467265e-02
   5.4512250e-02
   4.9368121e-02
   4.3202861e-02
   3.6204333e-02
   2.8574769e-02
   2.0525073e-02
   1.2269109e-02
   4.0181040e-03
  -4.0246706e-03
  -1.1668814e-02
  -1.8741194e-02
  -2.5089726e-02
  -3.0586461e-02
  -3.5129914e-02
  -3.8646617e-02
  -4.1091873e-02
  -4.2449728e-02
  -4.2732188e-02
  -4.1977738e-02
  -4.0249233e-02
  -3.7631230e-02
  -3.4226878e-02
  -3.0154445e-02
  -2.5543610e-02
  -2.0531617e-02
  -1.5259406e-02
  -9.8678267e-03
  -4.4940309e-03
   7.3187010e-04
   5.6897996e-03
   1.0272301e-02
   1.4386666e-02
   1.7956564e-02
   2.0923163e-02
   2.3245729e-02
   2.4901718e-02
   2.5886385e-02
   2.6211942e-02
   2.5906319e-02
   2.5011577e-02
   2.3582031e-02
   2.1682165e-02
   1.9384393e-02
   1.6766743e-02
   1.3910527e-02
   1.0898066e-02
   7.8105274e-03
   4.7259251e-03
   1.7173279e-03
  -1.1486860e-03
  -3.8133048e-03
  -6.2264685e-03
  -8.3475585e-03
  -1.0145791e-02
  -1.1600322e-02
  -1.2700088e-02
  -1.3443389e-02
  -1.3837266e-02
  -1.3896691e-02
  -1.3643597e-02
  -1.3105818e-02
  -1.2315934e-02
  -1.1310101e-02
  -1.0126864e-02
  -8.8060155e-03
  -7.3875077e-03
  -5.9104550e-03
  -4.4122428e-03
  -2.9277584e-03
  -1.4887547e-03
  -1.2335152e-04
   1.1443234e-03
   2.2943582e-03
   3.3111519e-03
   4.1833910e-03
   4.9039211e-03
   5.4695267e-03
   5.8806371e-03
   6.1409726e-03
   6.2571493e-03
   6.2382563e-03
   6.0954214e-03
   5.8413777e-03
   5.4900424e-03
   5.0561171e-03
   4.5547176e-03
   4.0010375e-03
   3.4100491e-03
   2.7962444e-03
   2.1734140e-03
   1.5544641e-03
   9.5126865e-04
   3.7455375e-04
  -1.6618972e-04
  -6.6276819e-04
  -1.1083262e-03
  -1.4973687e-03
  -1.8257680e-03
  -2.0907568e-03
  -2.2909089e-03
  -2.4261079e-03
  -2.4975050e-03
  -2.5074639e-03
  -2.4594927e-03
  -2.3581621e-03
  -2.2090079e-03
  -2.0184174e-03
  -1.7934996e-03
  -1.5419382e-03
  -1.2718289e-03
  -9.9150194e-04
  -7.0933349e-04
  -4.3354717e-04
  -1.7201179e-04
