   5.0916210e-02
   5.2578623e-02
   5.3082857e-02
   5.2368935e-02
   5.0403993e-02
   4.7184055e-02
   4.2735163e-02
   3.7113818e-02
   3.0406699e-02
   2.2729650e-02
   1.4225926e-02
   5.0637197e-03
  -4.5669898e-03
  -1.4458219e-02
  -2.4388322e-02
  -3.4126805e-02
  -4.3439512e-02
  -5.2094082e-02
  -5.9865535e-02
  -6.6541876e-02
  -7.1929580e-02
  -7.5858813e-02
  -7.8188272e-02
  -7.8809490e-02
  -7.7650523e-02
  -7.4678867e-02
  -6.9903539e-02
  -6.3376239e-02
  -5.5191521e-02
  -4.5485949e-02
  -3.4436223e-02
  -2.2256277e-02
  -9.1933973e-03
   4.4765929e-03
   1.8454981e-02
   3.2426546e-02
   4.6066545e-02
   5.9048141e-02
   7.1050124e-02
   8.1764739e-02
   9.0905428e-02
   9.8214311e-02
   1.0346920e-01
   1.0648995e-01
   1.0714405e-01
   1.0535112e-01
   1.0108640e-01
   9.4382915e-02
   8.5332319e-02
   7.4084374e-02
   6.0844964e-02
   4.5872700e-02
   2.9474151e-02
   1.1997771e-02
  -6.1733691e-03
  -2.4629892e-02
  -4.2945287e-02
  -6.0685763e-02
  -7.7420526e-02
  -9.2732270e-02
  -1.0622760e-01
  -1.1754715e-01
  -1.2637511e-01
  -1.3244794e-01
  -1.3556198e-01
  -1.3557985e-01
  -1.3243529e-01
  -1.2613641e-01
  -1.1676719e-01
  -1.0448709e-01
  -8.9528896e-02
  -7.2194571e-02
  -5.2849408e-02
  -3.1914444e-02
  -9.8573374e-03
   1.2818106e-02
   3.5583517e-02
   5.7898403e-02
   7.9223138e-02
   9.9032190e-02
   1.1682727e-01
   1.3215004e-01
   1.4459409e-01
   1.5381585e-01
   1.5954410e-01
   1.6158790e-01
   1.5984263e-01
   1.5429400e-01
   1.4501984e-01
   1.3218970e-01
   1.1606204e-01
   9.6979273e-02
   7.5360517e-02
   5.1692421e-02
   2.6518095e-02
   4.2449180e-04
  -2.5971499e-02
  -5.2037898e-02
  -7.7143068e-02
  -1.0067134e-01
  -1.2203846e-01
  -1.4070640e-01
  -1.5619727e-01
  -1.6810579e-01
  -1.7611018e-01
  -1.7998099e-01
  -1.7958780e-01
  -1.7490340e-01
  -1.6600552e-01
  -1.5307583e-01
  -1.3639642e-01
  -1.1634363e-01
  -9.3379518e-02
  -6.8041049e-02
  -4.0927317e-02
  -1.2685105e-02
   1.6006875e-02
   4.4454667e-02
   7.1966260e-02
   9.7868841e-02
   1.2152568e-01
   1.4235219e-01
   1.5983080e-01
   1.7352420e-01
   1.8308657e-01
   1.8827266e-01
   1.8894428e-01
   1.8507413e-01
   1.7674687e-01
   1.6415732e-01
   1.4760587e-01
   1.2749126e-01
   1.0430075e-01
   7.8598127e-02
   5.1009686e-02
   2.2208618e-02
  -7.1017969e-03
  -3.6205787e-02
  -6.4393012e-02
  -9.0976352e-02
  -1.1530911e-01
  -1.3680118e-01
  -1.5493376e-01
  -1.6927227e-01
  -1.7947708e-01
  -1.8531180e-01
  -1.8664900e-01
  -1.8347306e-01
  -1.7588024e-01
  -1.6407584e-01
  -1.4836869e-01
  -1.2916293e-01
  -1.0694745e-01
  -8.2283214e-02
  -5.5788812e-02
  -2.8124591e-02
   2.4165073e-05
   2.7964614e-02
   5.5013814e-02
   8.0515830e-02
   1.0385804e-01
   1.2448620e-01
   1.4191799e-01
   1.5575452e-01
   1.6568968e-01
   1.7151706e-01
   1.7313424e-01
   1.7054440e-01
   1.6385523e-01
   1.5327514e-01
   1.3910705e-01
   1.2173966e-01
   1.0163680e-01
   7.9324849e-02
   5.5378774e-02
   3.0407037e-02
   5.0358554e-03
  -2.0106801e-02
  -4.4407072e-02
  -6.7280492e-02
  -8.8186330e-02
  -1.0664061e-01
  -1.2222753e-01
  -1.3460890e-01
  -1.4353158e-01
  -1.4883248e-01
  -1.5044136e-01
  -1.4838101e-01
  -1.4276523e-01
  -1.3379438e-01
  -1.2174890e-01
  -1.0698074e-01
  -8.9903276e-02
  -7.0979725e-02
  -5.0710501e-02
  -2.9619881e-02
  -8.2422895e-03
   1.2891415e-02
   3.3267291e-02
   5.2400973e-02
   6.9849308e-02
   8.5220709e-02
   9.8183954e-02
   1.0847526e-01
   1.1590347e-01
   1.2035324e-01
   1.2178625e-01
   1.2024036e-01
   1.1582687e-01
   1.0872589e-01
   9.9180128e-02
   8.7487180e-02
   7.3990570e-02
   5.9069879e-02
   4.3130160e-02
   2.6590985e-02
   9.8754015e-03
  -6.6009152e-03
  -2.2440016e-02
  -3.7271302e-02
  -5.0760164e-02
  -6.2615460e-02
  -7.2595647e-02
  -8.0513453e-02
  -8.6239008e-02
  -8.9701396e-02
  -9.0888628e-02
  -8.9846093e-02
  -8.6673560e-02
  -8.1520874e-02
  -7.4582477e-02
  -6.6090954e-02
  -5.6309795e-02
  -4.5525597e-02
  -3.4039924e-02
  -2.2161055e-02
  -1.0195846e-02
   1.5580892e-03
   1.2819673e-02
   2.3330967e-02
   3.2862924e-02
   4.1220171e-02
   4.8244729e-02
   5.3818607e-02
   5.7865249e-02
   6.0349828e-02
   6.1278436e-02
   6.0696216e-02
   5.8684550e-02
   5.5357398e-02
   5.0856929e-02
   4.5348585e-02
   3.9015745e-02
   3.2054139e-02
   2.4666175e-02
   1.7055354e-02
   9.4208928e-03
   1.9527159e-03
  -5.1730705e-03
  -1.1798124e-02
  -1.7785141e-02
  -2.3020412e-02
  -2.7415604e-02
  -3.0908775e-02
  -3.3464617e-02
  -3.5073961e-02
  -3.5752590e-02
  -3.5539436e-02
  -3.4494236e-02
  -3.2694735e-02
  -3.0233547e-02
  -2.7214779e-02
  -2.3750521e-02
  -1.9957311e-02
  -1.5952681e-02
  -1.1851878e-02
  -7.7648334e-03
  -3.7934809e-03
  -2.9450006e-05
   3.4477942e-03
   6.5723477e-03
   9.2927821e-03
   1.1572580e-02
   1.3390103e-02
   1.4738128e-02
   1.5622975e-02
   1.6063306e-02
   1.6088618e-02
   1.5737524e-02
   1.5055865e-02
   1.4094745e-02
   1.2908532e-02
   1.1552912e-02
   1.0083035e-02
   8.5518221e-03
   7.0084731e-03
   5.4972021e-03
   4.0562414e-03
   2.7171205e-03
   1.5042283e-03
   4.3465697e-04
  -4.8168852e-04
  -1.2417338e-03
  -1.8486613e-03
  -2.3111524e-03
  -2.6424847e-03
  -2.8595266e-03
  -2.9816698e-03
  -3.0297458e-03
  -3.0249643e-03
  -2.9879137e-03
  -2.9376578e-03
  -2.8909555e-03
  -2.8616293e-03
  -2.8600972e-03
  -2.8930778e-03
  -2.9634727e-03
  -3.0704213e-03
  -3.2095185e-03
  -3.3731793e-03
  -3.5511304e-03
  -3.7310036e-03
  -3.8990043e-03
  -4.0406256e-03
  -4.1413779e-03
  -4.1875048e-03
  -4.1666575e-03
  -4.0685014e-03
  -3.8852331e-03
  -3.6119894e-03
  -3.2471346e-03
  -2.7924168e-03
  -2.2529898e-03
  -1.6373020e-03
  -9.5685832e-04
  -2.2586570e-04
   5.3922212e-04
   1.3202434e-03
   2.0979288e-03
   2.8525414e-03
   3.5645323e-03
   4.2151870e-03
   4.7872415e-03
   5.2654443e-03
   5.6370464e-03
   5.8922030e-03
   6.0242730e-03
   6.0300092e-03
   5.9096323e-03
   5.6667896e-03
   5.3084017e-03
   4.8444034e-03
   4.2873917e-03
   3.6521936e-03
   2.9553708e-03
   2.2146801e-03
   1.4485086e-03
   6.7530441e-04
  -8.6977211e-05
  -8.2139418e-04
