  -5.8511076e-05
  -1.7519145e-01
  -3.4775057e-01
  -5.1340051e-01
  -6.6510765e-01
  -7.9347160e-01
  -8.8822538e-01
  -9.4039633e-01
  -9.4442246e-01
  -8.9954982e-01
  -8.1008088e-01
  -6.8446754e-01
  -5.3368634e-01
  -3.6953624e-01
  -2.0332415e-01
  -4.5020521e-02
   9.7292791e-02
   2.1784942e-01
   3.1351052e-01
   3.8385932e-01
   4.3096705e-01
   4.5877776e-01
   4.7216877e-01
   4.7589127e-01
   4.7368436e-01
   4.6777467e-01
   4.5875348e-01
   4.4563534e-01
   4.2591368e-01
   3.9565878e-01
   3.4998533e-01
   2.8427952e-01
   1.9624892e-01
   8.8253719e-02
  -3.1141189e-02
  -1.4750019e-01
  -2.4326226e-01
  -3.0240905e-01
  -3.1558074e-01
  -2.8370163e-01
  -2.1853027e-01
  -1.3964505e-01
  -6.8778651e-02
  -2.3495712e-02
  -1.2464836e-02
  -3.3906177e-02
  -7.7535803e-02
  -1.2903461e-01
  -1.7522540e-01
  -2.0800105e-01
  -2.2561869e-01
  -2.3105555e-01
  -2.2833564e-01
  -2.1861428e-01
  -1.9796325e-01
  -1.5812770e-01
  -9.0275766e-02
   9.5649867e-03
   1.3555341e-01
   2.6978239e-01
   3.8414117e-01
   4.4630403e-01
   4.2834970e-01
   3.1546176e-01
   1.1196547e-01
  -1.5730688e-01
  -4.5094002e-01
  -7.1919005e-01
  -9.1432588e-01
  -1.0002304e+00
  -9.5879520e-01
  -7.9184700e-01
  -5.1888348e-01
  -1.7208773e-01
   2.0952009e-01
   5.8536800e-01
   9.1753617e-01
   1.1742206e+00
   1.3330813e+00
   1.3845626e+00
   1.3342450e+00
   1.2025935e+00
   1.0208350e+00
   8.2316847e-01
   6.3732193e-01
   4.7660871e-01
   3.3648717e-01
   1.9723488e-01
   3.2243544e-02
  -1.8063883e-01
  -4.4857047e-01
  -7.5774368e-01
  -1.0742200e+00
  -1.3514574e+00
  -1.5421864e+00
  -1.6110010e+00
  -1.5439689e+00
  -1.3525523e+00
  -1.0708039e+00
  -7.4673311e-01
  -4.3041347e-01
  -1.6229833e-01
   3.4958103e-02
   1.5902803e-01
   2.2440579e-01
   2.5439829e-01
   2.7161629e-01
   2.9042289e-01
   3.1389019e-01
   3.3587840e-01
   3.4677819e-01
   3.4017426e-01
   3.1763178e-01
   2.8982544e-01
   2.7381009e-01
   2.8774037e-01
   3.4518379e-01
   4.5099471e-01
   5.9970087e-01
   7.7616301e-01
   9.5761227e-01
   1.1163197e+00
   1.2227671e+00
   1.2496217e+00
   1.1766269e+00
   9.9578487e-01
   7.1542591e-01
   3.6143266e-01
  -2.5691067e-02
  -3.9808341e-01
  -7.1077629e-01
  -9.3228299e-01
  -1.0523975e+00
  -1.0847284e+00
  -1.0629724e+00
  -1.0316390e+00
  -1.0333603e+00
  -1.0958460e+00
  -1.2218981e+00
  -1.3855456e+00
  -1.5361674e+00
  -1.6104768e+00
  -1.5498037e+00
  -1.3179916e+00
  -9.1434861e-01
  -3.7711580e-01
   2.2421993e-01
   8.0569408e-01
   1.2894726e+00
   1.6218011e+00
   1.7829618e+00
   1.7869710e+00
   1.6724016e+00
   1.4884356e+00
   1.2810611e+00
   1.0832176e+00
   9.1056504e-01
   7.6250430e-01
   6.2683762e-01
   4.8617364e-01
   3.2448840e-01
   1.3264847e-01
  -8.8112213e-02
  -3.2565608e-01
  -5.5979166e-01
  -7.6794386e-01
  -9.3182593e-01
  -1.0425274e+00
  -1.1017713e+00
  -1.1186028e+00
  -1.1028694e+00
  -1.0585639e+00
  -9.8046958e-01
  -8.5620226e-01
  -6.7316959e-01
  -4.2739731e-01
  -1.2995478e-01
   1.9241080e-01
   5.0320853e-01
   7.6643550e-01
   9.5687955e-01
   1.0663041e+00
   1.1032155e+00
   1.0866713e+00
   1.0369771e+00
   9.6719947e-01
   8.7888955e-01
   7.6356140e-01
   6.0906539e-01
   4.0797126e-01
   1.6422691e-01
  -1.0495520e-01
  -3.7305089e-01
  -6.1258054e-01
  -8.0444482e-01
  -9.4421544e-01
  -1.0424599e+00
  -1.1185760e+00
  -1.1903415e+00
  -1.2633350e+00
  -1.3247344e+00
  -1.3445523e+00
  -1.2846293e+00
  -1.1126761e+00
  -8.1646602e-01
  -4.1280632e-01
   5.2540469e-02
   5.1469541e-01
   9.0639290e-01
   1.1760872e+00
   1.3013275e+00
   1.2930439e+00
   1.1897715e+00
   1.0444229e+00
   9.0854184e-01
   8.1920860e-01
   7.9205462e-01
   8.2115895e-01
   8.8420684e-01
   9.5013986e-01
   9.8677115e-01
   9.6691900e-01
   8.7269221e-01
   6.9806688e-01
   4.4982249e-01
   1.4667203e-01
  -1.8358087e-01
  -5.0870863e-01
  -7.9790157e-01
  -1.0276136e+00
  -1.1858976e+00
  -1.2738444e+00
  -1.3035342e+00
  -1.2931343e+00
  -1.2608272e+00
  -1.2195936e+00
  -1.1744093e+00
  -1.1224382e+00
  -1.0557622e+00
  -9.6543531e-01
  -8.4539629e-01
  -6.9498145e-01
  -5.1933717e-01
  -3.2777037e-01
  -1.3082365e-01
   6.2659705e-02
   2.4727585e-01
   4.2106664e-01
   5.8421607e-01
   7.3751728e-01
   8.8154108e-01
   1.0165704e+00
   1.1425108e+00
   1.2579250e+00
   1.3581706e+00
   1.4336396e+00
   1.4695073e+00
   1.4479214e+00
   1.3525856e+00
   1.1746686e+00
   9.1822972e-01
   6.0307107e-01
   2.6335721e-01
  -5.8429905e-02
  -3.2092545e-01
  -4.9395980e-01
  -5.6604469e-01
  -5.4683841e-01
  -4.6393149e-01
  -3.5523017e-01
  -2.5951115e-01
  -2.0796440e-01
  -2.1880595e-01
  -2.9576586e-01
  -4.2997529e-01
  -6.0389497e-01
  -7.9564537e-01
  -9.8246073e-01
  -1.1428412e+00
  -1.2579022e+00
  -1.3128930e+00
  -1.2995965e+00
  -1.2194579e+00
  -1.0862700e+00
  -9.2656972e-01
  -7.7599002e-01
  -6.7090858e-01
  -6.3667165e-01
  -6.7578882e-01
  -7.6074286e-01
  -8.3553335e-01
  -8.2754730e-01
  -6.6755731e-01
  -3.1207415e-01
   2.3945941e-01
   9.3908519e-01
   1.6991320e+00
   2.4132254e+00
   2.9830380e+00
   3.3423685e+00
   3.4712299e+00
   3.3961680e+00
   3.1775257e+00
   2.8881574e+00
   2.5900602e+00
   2.3153340e+00
   2.0563421e+00
   1.7677132e+00
   1.3803924e+00
   8.2524178e-01
   6.0651750e-02
  -9.0399745e-01
  -1.9977702e+00
  -3.0963916e+00
  -4.0490261e+00
  -4.7162698e+00
  -5.0070826e+00
  -4.9021008e+00
  -4.4555119e+00
  -3.7754727e+00
  -2.9906863e+00
  -2.2151822e+00
  -1.5230727e+00
  -9.4047137e-01
  -4.5481907e-01
  -3.5321666e-02
   3.4539008e-01
   6.9759540e-01
   1.0135461e+00
   1.2777375e+00
   1.4816434e+00
   1.6343461e+00
   1.7628911e+00
   1.9016101e+00
   2.0753725e+00
   2.2849107e+00
   2.5015393e+00
   2.6742719e+00
   2.7467098e+00
   2.6767865e+00
   2.4513784e+00
   2.0902220e+00
   1.6382308e+00
   1.1500469e+00
   6.7346718e-01
   2.3820614e-01
  -1.4640132e-01
  -4.8527363e-01
  -7.8704185e-01
  -1.0545017e+00
  -1.2803610e+00
  -1.4497676e+00
  -1.5480422e+00
  -1.5700156e+00
  -1.5268930e+00
  -1.4474752e+00
  -1.3724217e+00
  -1.3426166e+00
  -1.3850521e+00
  -1.5011579e+00
  -1.6623197e+00
  -1.8151483e+00
  -1.8955579e+00
  -1.8473544e+00
  -1.6392491e+00
  -1.2746725e+00
  -7.9121226e-01
  -2.5000973e-01
   2.8120125e-01
   7.4571912e-01
   1.1105311e+00
   1.3703959e+00
   1.5428591e+00
   1.6567346e+00
   1.7385736e+00
   1.8020077e+00
   1.8435245e+00
   1.8456563e+00
   1.7857210e+00
   1.6463027e+00
   1.4233866e+00
   1.1294649e+00
   7.9120710e-01
   4.4329500e-01
   1.2093047e-01
  -1.4676751e-01
  -3.4119621e-01
  -4.5615091e-01
  -4.9731710e-01
  -4.7981240e-01
  -4.2441144e-01
  -3.5324873e-01
  -2.8588674e-01
  -2.3664687e-01
  -2.1397429e-01
  -2.2214741e-01
  -2.6471642e-01
  -3.4797551e-01
  -4.8226289e-01
  -6.7949229e-01
  -9.4691679e-01
  -1.2789805e+00
  -1.6503878e+00
  -2.0136773e+00
  -2.3035230e+00
  -2.4479769e+00
  -2.3845024e+00
  -2.0767016e+00
  -1.5268919e+00
  -7.8054442e-01
   7.9205225e-02
   9.4610638e-01
   1.7113691e+00
   2.2859621e+00
   2.6198500e+00
   2.7135134e+00
   2.6180330e+00
   2.4221970e+00
   2.2284884e+00
   2.1234887e+00
   2.1507122e+00
   2.2940147e+00
   2.4772419e+00
   2.5814213e+00
   2.4758812e+00
   2.0556049e+00
   1.2749482e+00
   1.6812580e-01
  -1.1502640e+00
  -2.5063249e+00
  -3.7049845e+00
  -4.5750631e+00
  -5.0085541e+00
  -4.9829503e+00
  -4.5607640e+00
  -3.8673834e+00
  -3.0545726e+00
  -2.2604977e+00
  -1.5775066e+00
  -1.0362047e+00
  -6.0939375e-01
  -2.3335354e-01
   1.6154214e-01
   6.2181109e-01
   1.1534382e+00
   1.7213807e+00
   2.2647736e+00
   2.7207015e+00
   3.0465007e+00
   3.2318723e+00
   3.2969501e+00
   3.2785202e+00
   3.2110666e+00
   3.1105759e+00
   2.9671559e+00
   2.7487070e+00
   2.4137218e+00
   1.9282378e+00
   1.2809675e+00
   4.9185078e-01
  -3.8805833e-01
  -1.2846388e+00
  -2.1140746e+00
  -2.7982837e+00
  -3.2792660e+00
  -3.5296220e+00
  -3.5569928e+00
  -3.4010400e+00
  -3.1230459e+00
  -2.7901590e+00
  -2.4581530e+00
  -2.1575671e+00
  -1.8876012e+00
  -1.6199758e+00
  -1.3117257e+00
  -9.2285241e-01
  -4.3307300e-01
   1.4780820e-01
   7.7923335e-01
   1.3990262e+00
   1.9392763e+00
   2.3438864e+00
   2.5822968e+00
   2.6551979e+00
   2.5907174e+00
   2.4328250e+00
   2.2263335e+00
   2.0038073e+00
   1.7785354e+00
   1.5450924e+00
   1.2860921e+00
   9.8176518e-01
   6.1868392e-01
   1.9525262e-01
  -2.7643546e-01
  -7.7136738e-01
  -1.2539292e+00
  -1.6816176e+00
  -2.0107448e+00
  -2.2043251e+00
  -2.2407767e+00
  -2.1204691e+00
  -1.8668701e+00
  -1.5207377e+00
  -1.1288653e+00
  -7.3177224e-01
  -3.5562134e-01
  -1.1645285e-02
   2.9767783e-01
   5.7012313e-01
   7.9823599e-01
   9.6983392e-01
   1.0734418e+00
   1.1046218e+00
   1.0690650e+00
   9.8087934e-01
   8.5768200e-01
   7.1565802e-01
   5.6704822e-01
   4.2054274e-01
   2.8328336e-01
   1.6252110e-01
   6.5515489e-02
  -2.4919130e-03
  -4.1156766e-02
  -5.7084639e-02
  -6.3663812e-02
  -7.8255617e-02
  -1.1745093e-01
  -1.9185565e-01
  -3.0199536e-01
  -4.3655225e-01
  -5.7355662e-01
  -6.8453437e-01
  -7.4098104e-01
  -7.2189253e-01
  -6.2055065e-01
  -4.4856794e-01
  -2.3556285e-01
  -2.3821114e-02
   1.4130849e-01
   2.2313478e-01
   2.0432203e-01
   9.3216847e-02
  -7.6692992e-02
  -2.5476636e-01
  -3.8675853e-01
  -4.3002551e-01
  -3.6578654e-01
  -2.0471024e-01
   1.5929638e-02
   2.4282851e-01
   4.2195118e-01
   5.1403600e-01
   5.0558451e-01
   4.1191817e-01
   2.7135121e-01
   1.3242862e-01
   3.8562795e-02
   1.5358599e-02
   6.4928323e-02
   1.6880585e-01
   2.9772294e-01
   4.2392492e-01
   5.3094351e-01
   6.1704362e-01
   6.9133311e-01
   7.6466138e-01
   8.3966244e-01
   9.0464105e-01
   9.3427515e-01
   8.9712780e-01
   7.6713428e-01
   5.3474710e-01
   2.1362196e-01
  -1.5981722e-01
  -5.3442508e-01
  -8.5793425e-01
  -1.0916746e+00
  -1.2209107e+00
  -1.2566141e+00
  -1.2280413e+00
  -1.1695680e+00
  -1.1076250e+00
  -1.0531201e+00
  -1.0018699e+00
  -9.4185962e-01
  -8.6332084e-01
  -7.6674796e-01
  -6.6520724e-01
  -5.7990368e-01
  -5.3080646e-01
  -5.2615940e-01
  -5.5528469e-01
  -5.8803186e-01
  -5.8183922e-01
  -4.9450185e-01
  -2.9847188e-01
   8.2980731e-03
   3.9901781e-01
   8.2385061e-01
   1.2232993e+00
   1.5448996e+00
   1.7576686e+00
   1.8594804e+00
   1.8749492e+00
   1.8446184e+00
   1.8092174e+00
   1.7944468e+00
   1.8015630e+00
   1.8069749e+00
   1.7708808e+00
   1.6518178e+00
   1.4219136e+00
   1.0773687e+00
   6.4042693e-01
   1.5233829e-01
  -3.3964298e-01
  -7.9591415e-01
  -1.1936094e+00
  -1.5281986e+00
  -1.8079559e+00
  -2.0443748e+00
  -2.2428284e+00
  -2.3972962e+00
  -2.4911492e+00
  -2.5034801e+00
  -2.4182113e+00
  -2.2321366e+00
  -1.9585823e+00
  -1.6252228e+00
  -1.2668985e+00
  -9.1615314e-01
  -5.9495246e-01
  -3.1041645e-01
  -5.5692993e-02
   1.8487365e-01
   4.2848633e-01
   6.8705325e-01
   9.6265813e-01
   1.2462401e+00
   1.5194328e+00
   1.7587978e+00
   1.9412325e+00
   2.0491637e+00
   2.0742985e+00
   2.0191492e+00
   1.8961232e+00
   1.7245671e+00
   1.5266074e+00
   1.3227986e+00
   1.1284370e+00
   9.5109571e-01
   7.8965334e-01
   6.3485131e-01
   4.7120175e-01
   2.7994958e-01
   4.2833719e-02
  -2.5347615e-01
  -6.1244488e-01
  -1.0229162e+00
  -1.4560307e+00
  -1.8658590e+00
  -2.1953916e+00
  -2.3879382e+00
  -2.4016673e+00
  -2.2230079e+00
  -1.8740819e+00
  -1.4107922e+00
  -9.1123891e-01
  -4.5753627e-01
  -1.1637232e-01
   7.6091514e-02
   1.2102625e-01
   5.4128741e-02
  -6.5436541e-02
  -1.7094911e-01
  -2.0454085e-01
  -1.3003054e-01
   6.0536108e-02
   3.4739391e-01
   6.8939147e-01
   1.0336380e+00
   1.3258360e+00
   1.5196025e+00
   1.5842225e+00
   1.5106422e+00
   1.3148851e+00
   1.0372780e+00
   7.3601561e-01
   4.7500488e-01
   3.0802576e-01
   2.6307695e-01
   3.3162810e-01
   4.6692184e-01
   5.9334220e-01
   6.2560606e-01
   4.9315534e-01
   1.6289467e-01
  -3.4673065e-01
  -9.6522626e-01
  -1.5843040e+00
  -2.0837903e+00
  -2.3623141e+00
  -2.3638569e+00
  -2.0919558e+00
  -1.6070227e+00
  -1.0077695e+00
  -4.0300801e-01
   1.1690186e-01
   5.0004053e-01
   7.3892834e-01
   8.6234034e-01
   9.1763964e-01
   9.5101065e-01
   9.9258689e-01
   1.0505525e+00
   1.1143124e+00
   1.1634337e+00
   1.1775511e+00
   1.1432271e+00
   1.0561147e+00
   9.1921390e-01
   7.3938706e-01
   5.2436567e-01
   2.8165781e-01
   1.9539012e-02
  -2.5086771e-01
  -5.1410616e-01
  -7.5105781e-01
  -9.4239347e-01
  -1.0740207e+00
  -1.1424511e+00
  -1.1574976e+00
  -1.1404067e+00
  -1.1173356e+00
  -1.1102332e+00
  -1.1285779e+00
  -1.1652345e+00
  -1.1979438e+00
  -1.1955820e+00
  -1.1265614e+00
  -9.6641103e-01
  -7.0266990e-01
  -3.3695286e-01
   1.1474539e-01
   6.2248763e-01
   1.1436737e+00
   1.6264572e+00
   2.0166604e+00
   2.2679910e+00
   2.3530137e+00
   2.2708556e+00
   2.0481164e+00
   1.7317610e+00
   1.3758611e+00
   1.0266632e+00
   7.1139010e-01
   4.3475405e-01
   1.8386919e-01
  -6.1288735e-02
  -3.1674770e-01
  -5.8721088e-01
  -8.6463834e-01
  -1.1318546e+00
  -1.3682687e+00
  -1.5546623e+00
  -1.6755707e+00
  -1.7198085e+00
  -1.6807715e+00
  -1.5577574e+00
  -1.3582722e+00
  -1.1000775e+00
  -8.1121628e-01
  -5.2664827e-01
  -2.8136882e-01
  -1.0149555e-01
   3.9466270e-03
   4.7537376e-02
   6.2081438e-02
   9.2767575e-02
   1.8429010e-01
   3.6627461e-01
   6.4158585e-01
   9.8193510e-01
   1.3332480e+00
   1.6298950e+00
   1.8133764e+00
   1.8489774e+00
   1.7343346e+00
   1.4967224e+00
   1.1800934e+00
   8.2699328e-01
   4.6294757e-01
   9.0508356e-02
  -3.0357736e-01
  -7.3051434e-01
  -1.1788976e+00
  -1.6018797e+00
  -1.9202544e+00
  -2.0431310e+00
  -1.8998553e+00
  -1.4711256e+00
  -8.0657362e-01
  -2.0759586e-02
   7.3248711e-01
   1.2994731e+00
   1.5670853e+00
   1.4916122e+00
   1.1076997e+00
   5.1589156e-01
  -1.4630929e-01
  -7.4059019e-01
  -1.1607154e+00
  -1.3535754e+00
  -1.3239344e+00
  -1.1233766e+00
  -8.2833351e-01
  -5.1469891e-01
  -2.3675564e-01
  -1.6055625e-02
   1.5761077e-01
   3.1475144e-01
   4.8871586e-01
   6.9821012e-01
   9.3556045e-01
   1.1647541e+00
   1.3303658e+00
   1.3750808e+00
   1.2605673e+00
   9.8486327e-01
   5.8990635e-01
   1.5544615e-01
  -2.2027800e-01
  -4.4824026e-01
  -4.7646601e-01
  -3.0873835e-01
  -7.0334312e-03
   3.2443066e-01
   5.6923853e-01
   6.3325854e-01
   4.7194365e-01
   1.0137355e-01
  -4.0988823e-01
  -9.6388384e-01
  -1.4619911e+00
  -1.8290742e+00
  -2.0260445e+00
  -2.0492295e+00
  -1.9199710e+00
  -1.6706179e+00
  -1.3329413e+00
  -9.3256942e-01
  -4.8965778e-01
  -2.3235037e-02
   4.4439967e-01
   8.8608304e-01
   1.2719904e+00
   1.5747221e+00
   1.7751807e+00
   1.8669438e+00
   1.8574397e+00
   1.7652955e+00
   1.6144720e+00
   1.4269634e+00
   1.2165579e+00
   9.8599466e-01
   7.2871987e-01
   4.3475912e-01
   9.8696792e-02
  -2.7304903e-01
  -6.5829177e-01
  -1.0200595e+00
  -1.3125178e+00
  -1.4903733e+00
  -1.5193846e+00
  -1.3854120e+00
  -1.0998350e+00
  -6.9993082e-01
  -2.4377721e-01
   1.9963862e-01
   5.6320244e-01
   7.9438006e-01
   8.6454617e-01
   7.7247404e-01
   5.4136853e-01
   2.1085730e-01
  -1.7328858e-01
  -5.6863825e-01
  -9.4235486e-01
  -1.2729821e+00
  -1.5478948e+00
  -1.7577524e+00
  -1.8901356e+00
  -1.9249448e+00
  -1.8339596e+00
  -1.5859623e+00
  -1.1569942e+00
  -5.4310795e-01
   2.2869766e-01
   1.0959851e+00
   1.9660104e+00
   2.7307203e+00
   3.2883826e+00
   3.5659138e+00
   3.5351357e+00
   3.2176795e+00
   2.6767847e+00
   1.9987141e+00
   1.2702140e+00
   5.5978880e-01
  -9.1174932e-02
  -6.6557045e-01
  -1.1590419e+00
  -1.5662262e+00
  -1.8716665e+00
  -2.0496111e+00
  -2.0725147e+00
  -1.9240606e+00
  -1.6106859e+00
  -1.1665203e+00
  -6.4970995e-01
  -1.3169726e-01
   3.1647474e-01
   6.3637182e-01
   7.8995518e-01
   7.6234107e-01
   5.6075504e-01
   2.1150736e-01
  -2.4373411e-01
  -7.5217904e-01
  -1.2552075e+00
  -1.6950440e+00
  -2.0220857e+00
  -2.2011867e+00
  -2.2151979e+00
  -2.0650951e+00
  -1.7673272e+00
  -1.3497090e+00
  -8.4696057e-01
  -2.9623919e-01
   2.6753069e-01
   8.1646751e-01
   1.3336679e+00
   1.8144344e+00
   2.2632195e+00
   2.6863203e+00
   3.0825971e+00
   3.4359989e+00
   3.7134147e+00
   3.8693313e+00
   3.8559820e+00
   3.6355430e+00
   3.1904625e+00
   2.5291901e+00
   1.6865083e+00
   7.1926913e-01
  -3.0098127e-01
  -1.2970843e+00
  -2.1958899e+00
  -2.9372340e+00
  -3.4809270e+00
  -3.8104549e+00
  -3.9326160e+00
  -3.8732124e+00
  -3.6698676e+00
  -3.3637205e+00
  -2.9919713e+00
  -2.5829515e+00
  -2.1546207e+00
  -1.7164012e+00
  -1.2733258e+00
  -8.3080066e-01
  -3.9808026e-01
   1.0949236e-02
   3.7989007e-01
   6.9372314e-01
   9.4266081e-01
   1.1245465e+00
   1.2454583e+00
   1.3191085e+00
   1.3657939e+00
   1.4110148e+00
   1.4830200e+00
   1.6082380e+00
   1.8043303e+00
   2.0722818e+00
   2.3906828e+00
   2.7158773e+00
   2.9899887e+00
   3.1552148e+00
   3.1690443e+00
   3.0136691e+00
   2.6951610e+00
   2.2330189e+00
   1.6458127e+00
   9.4103684e-01
   1.1548618e-01
  -8.3282160e-01
  -1.8863682e+00
  -2.9926151e+00
  -4.0599021e+00
  -4.9687669e+00
  -5.5960932e+00
  -5.8440941e+00
  -5.6643453e+00
  -5.0694175e+00
  -4.1295214e+00
  -2.9564209e+00
  -1.6798997e+00
  -4.2304222e-01
   7.1783445e-01
   1.6841667e+00
   2.4549537e+00
   3.0364113e+00
   3.4456390e+00
   3.6944764e+00
   3.7796436e+00
   3.6830385e+00
   3.3823944e+00
   2.8684733e+00
   2.1619208e+00
   1.3221773e+00
   4.4317327e-01
  -3.6459498e-01
  -1.0004457e+00
  -1.3993446e+00
  -1.5479217e+00
  -1.4849284e+00
  -1.2861307e+00
  -1.0391553e+00
  -8.1706005e-01
  -6.5938252e-01
  -5.6631156e-01
  -5.0668900e-01
  -4.3570376e-01
  -3.1518337e-01
  -1.2924275e-01
   1.0952752e-01
   3.6435537e-01
   5.8644847e-01
   7.3013729e-01
   7.6574623e-01
   6.8636965e-01
   5.0734668e-01
   2.6001504e-01
  -1.6883164e-02
  -2.8475321e-01
  -5.0990130e-01
  -6.6590989e-01
  -7.3532171e-01
  -7.1195264e-01
  -6.0365574e-01
  -4.3392432e-01
  -2.4028939e-01
  -6.8273655e-02
   3.8652456e-02
   5.0810934e-02
  -3.7783778e-02
  -2.0491152e-01
  -4.0320549e-01
  -5.7063715e-01
  -6.4580311e-01
  -5.8373739e-01
  -3.6781777e-01
  -1.4651875e-02
   4.2905389e-01
   8.9651961e-01
   1.3150732e+00
   1.6208837e+00
   1.7706807e+00
   1.7478699e+00
   1.5621432e+00
   1.2435833e+00
   8.3376583e-01
   3.7693447e-01
  -8.6239965e-02
  -5.2127261e-01
  -8.9957579e-01
  -1.1973039e+00
  -1.3955599e+00
  -1.4830468e+00
  -1.4603109e+00
  -1.3431186e+00
  -1.1622203e+00
  -9.5797958e-01
  -7.7050747e-01
  -6.2812690e-01
  -5.3825301e-01
  -4.8446403e-01
  -4.3157587e-01
  -3.3756620e-01
  -1.6840936e-01
   8.9441508e-02
   4.2333908e-01
   7.9723466e-01
   1.1614989e+00
   1.4659683e+00
   1.6718352e+00
   1.7590775e+00
   1.7280603e+00
   1.5958184e+00
   1.3887725e+00
   1.1341839e+00
   8.5264493e-01
   5.5351894e-01
   2.3459650e-01
  -1.1364494e-01
  -4.9993797e-01
  -9.2236736e-01
  -1.3600045e+00
  -1.7697098e+00
  -2.0909246e+00
  -2.2589109e+00
  -2.2235014e+00
  -1.9673346e+00
  -1.5164551e+00
  -9.3809000e-01
  -3.2497717e-01
   2.2904692e-01
   6.5382632e-01
   9.1940746e-01
   1.0389278e+00
   1.0577100e+00
   1.0333236e+00
   1.0141460e+00
   1.0237837e+00
   1.0559719e+00
   1.0805411e+00
   1.0573149e+00
   9.5260192e-01
   7.5270372e-01
   4.7032380e-01
   1.4226059e-01
  -1.8047777e-01
  -4.4675885e-01
  -6.1910206e-01
  -6.8293809e-01
  -6.4879823e-01
  -5.4734636e-01
  -4.1955269e-01
  -3.0566860e-01
  -2.3645379e-01
  -2.2856506e-01
  -2.8405708e-01
  -3.9258274e-01
  -5.3462433e-01
  -6.8473866e-01
  -8.1468379e-01
  -8.9675131e-01
  -9.0746399e-01
  -8.3131015e-01
  -6.6380480e-01
  -4.1309599e-01
  -9.9507695e-02
   2.4724731e-01
   5.9288932e-01
   9.0439281e-01
   1.1552214e+00
   1.3284794e+00
   1.4172894e+00
   1.4228647e+00
   1.3516837e+00
   1.2133827e+00
   1.0202706e+00
   7.8814646e-01
   5.3714354e-01
   2.9119418e-01
   7.5335958e-02
  -8.8966715e-02
  -1.8941417e-01
  -2.2766853e-01
  -2.2144166e-01
  -2.0239893e-01
  -2.0959525e-01
  -2.7980908e-01
  -4.3751844e-01
  -6.8761015e-01
  -1.0129589e+00
  -1.3772188e+00
  -1.7314839e+00
  -2.0226888e+00
  -2.2018570e+00
  -2.2310781e+00
  -2.0887655e+00
  -1.7729679e+00
  -1.3023516e+00
  -7.1432111e-01
  -5.9994659e-02
   6.0344845e-01
   1.2214446e+00
   1.7493945e+00
   2.1565895e+00
   2.4260859e+00
   2.5518979e+00
   2.5361357e+00
   2.3881913e+00
   2.1259936e+00
   1.7771962e+00
   1.3776141e+00
   9.6573376e-01
   5.7466066e-01
   2.2475717e-01
  -7.9681734e-02
  -3.4805995e-01
  -5.9629133e-01
  -8.3771803e-01
  -1.0757007e+00
  -1.3005254e+00
  -1.4914303e+00
  -1.6226641e+00
  -1.6712130e+00
  -1.6235101e+00
  -1.4791642e+00
  -1.2511381e+00
  -9.6314545e-01
  -6.4565880e-01
  -3.3168588e-01
  -5.2752643e-02
   1.6502446e-01
   3.0488777e-01
   3.6302811e-01
   3.5087175e-01
   2.9484530e-01
   2.3258614e-01
   2.0532112e-01
   2.4745685e-01
   3.7595054e-01
   5.8298429e-01
   8.3505252e-01
   1.0796259e+00
   1.2578332e+00
   1.3193825e+00
   1.2352278e+00
   1.0044852e+00
   6.5418066e-01
   2.3261948e-01
  -2.0128229e-01
  -5.8976019e-01
  -8.8639439e-01
  -1.0629307e+00
  -1.1119659e+00
  -1.0456205e+00
  -8.9096977e-01
  -6.8346546e-01
  -4.5984783e-01
  -2.5197634e-01
  -8.2543760e-02
   3.7026333e-02
   1.0670363e-01
   1.3630499e-01
   1.4240224e-01
   1.4372864e-01
   1.5550267e-01
   1.8389034e-01
   2.2257480e-01
   2.5341516e-01
   2.5207611e-01
   1.9755349e-01
   8.2529776e-02
  -7.9542785e-02
  -2.5413905e-01
  -3.9342997e-01
  -4.5034304e-01
  -3.9442191e-01
  -2.2380429e-01
   3.1408833e-02
   3.1623967e-01
   5.6644078e-01
   7.2747224e-01
   7.7036962e-01
   6.9916098e-01
   5.4761776e-01
   3.6690665e-01
   2.0866087e-01
   1.0918091e-01
   7.9752010e-02
   1.0581727e-01
   1.5469091e-01
   1.8859724e-01
   1.7808573e-01
   1.1097591e-01
  -6.0723096e-03
  -1.5325498e-01
  -3.0761268e-01
  -4.5274594e-01
  -5.8398946e-01
  -7.0688164e-01
  -8.2988706e-01
  -9.5512371e-01
  -1.0719081e+00
  -1.1565750e+00
  -1.1788845e+00
  -1.1121140e+00
  -9.4239472e-01
  -6.7364112e-01
  -3.2681067e-01
   6.5251196e-02
   4.6472199e-01
   8.3494135e-01
   1.1444682e+00
   1.3691400e+00
   1.4930065e+00
   1.5089817e+00
   1.4195419e+00
   1.2372720e+00
   9.8474899e-01
   6.9313961e-01
   3.9899690e-01
   1.3914508e-01
  -5.5758481e-02
  -1.6764534e-01
  -1.9566433e-01
  -1.5738830e-01
  -8.5731705e-02
  -2.1840902e-02
  -5.3590380e-03
  -6.4317598e-02
  -2.0726457e-01
  -4.1994632e-01
  -6.6782886e-01
  -9.0411349e-01
  -1.0811567e+00
  -1.1620395e+00
  -1.1289744e+00
  -9.8632656e-01
  -7.5782971e-01
  -4.7940360e-01
  -1.9017534e-01
   7.5517389e-02
   2.9315143e-01
   4.4939188e-01
   5.4042264e-01
   5.6871480e-01
   5.3997704e-01
   4.6163452e-01
   3.4324507e-01
   1.9814824e-01
   4.4874911e-02
  -9.3187545e-02
  -1.9065439e-01
  -2.2518013e-01
  -1.8331026e-01
  -6.5282650e-02
   1.1294063e-01
   3.2142080e-01
   5.2170286e-01
   6.7476915e-01
   7.4943502e-01
   7.2899277e-01
   6.1450265e-01
   4.2413590e-01
   1.8895372e-01
  -5.3796436e-02
  -2.6838076e-01
  -4.2759086e-01
  -5.1742578e-01
  -5.3826846e-01
  -5.0236048e-01
  -4.2860384e-01
  -3.3662085e-01
  -2.4209512e-01
  -1.5464612e-01
  -7.8271988e-02
  -1.3352785e-02
   4.1181375e-02
   8.6549125e-02
   1.2390044e-01
   1.5464915e-01
   1.8055765e-01
   2.0309945e-01
   2.2227851e-01
   2.3562418e-01
   2.3815272e-01
   2.2363372e-01
   1.8678651e-01
   1.2547691e-01
   4.1921367e-02
  -5.7620681e-02
  -1.6445302e-01
  -2.6956669e-01
  -3.6538289e-01
  -4.4653970e-01
  -5.0968153e-01
  -5.5266625e-01
  -5.7378055e-01
  -5.7140470e-01
  -5.4420949e-01
  -4.9160184e-01
  -4.1396377e-01
  -3.1237440e-01
  -1.8791839e-01
  -4.1125203e-02
   1.2775976e-01
   3.1726467e-01
   5.2217635e-01
   7.3095001e-01
   9.2438850e-01
   1.0768344e+00
   1.1604133e+00
   1.1517052e+00
   1.0390160e+00
   8.2773111e-01
   5.4151289e-01
   2.1836331e-01
  -9.7613248e-02
  -3.6629736e-01
  -5.6029088e-01
  -6.6956118e-01
  -7.0077441e-01
  -6.7206518e-01
  -6.0556596e-01
  -5.2056200e-01
  -4.2950509e-01
  -3.3770285e-01
  -2.4596812e-01
  -1.5448829e-01
  -6.5991064e-02
   1.3114255e-02
   7.3927068e-02
   1.0792435e-01
   1.1027707e-01
   8.2293594e-02
   3.2021610e-02
  -2.7297457e-02
  -8.0460079e-02
  -1.1415929e-01
  -1.2022551e-01
  -9.7292368e-02
  -5.0532804e-02
   1.0240209e-02
   7.3348012e-02
   1.2798006e-01
   1.6613857e-01
   1.8344604e-01
   1.7893430e-01
   1.5426906e-01
   1.1292581e-01
   5.9625643e-02
   3.3271212e-05
